> diabetes1=table(diabetes$Age,diabetes$Insulin)
> diabetes1
    
      0 14 15 16 18 22 23 25 29 32 36 37 38 40 41 42 43 44 45 46 48 49 50 51 52
  21 28  0  0  0  1  0  1  1  0  0  0  0  0  1  0  0  0  0  1  0  0  0  1  1  0
  22 29  0  0  1  0  0  0  0  0  1  1  1  0  0  0  0  0  1  1  0  0  0  1  0  0
  23 10  0  1  0  0  0  0  0  0  0  0  1  0  0  0  0  0  1  1  0  2  0  0  0  0
  24 15  0  0  0  0  0  0  0  0  0  1  0  0  1  0  0  1  0  0  0  0  0  1  0  0
  25 18  1  0  0  1  0  0  0  0  0  0  0  1  0  1  0  0  0  0  0  0  0  0  0  1
  26  9  0  0  0  0  0  0  0  0  0  1  0  0  0  0  0  0  0  0  0  0  2  0  0  0
  27 18  0  0  0  0  0  0  0  0  0  0  0  0  0  0  0  0  1  0  0  0  0  0  0  0
  28 14  0  0  0  0  0  0  0  0  0  0  0  0  0  0  0  0  0  0  1  0  1  0  0  0
  29 15  0  0  0  0  0  0  0  0  0  0  0  0  0  0  0  0  0  0  0  0  0  0  0  0
  30 11  0  0  0  0  0  1  0  0  0  0  0  0  0  0  0  0  0  0  0  0  0  0  0  0
  31 12  0  0  0  0  0  0  0  0  0  0  0  0  0  0  0  0  0  0  0  0  0  0  0  0
  32 10  0  0  0  0  0  0  0  0  0  0  0  0  0  0  0  0  0  0  0  0  0  0  0  0
  33  6  0  0  0  0  0  0  0  0  0  0  0  0  0  0  0  0  0  0  0  0  0  0  0  0
  34  6  0  0  0  0  0  0  0  0  0  0  0  0  0  0  0  0  0  0  0  0  0  0  0  0
  35  4  0  0  0  0  0  0  0  0  0  0  0  0  0  0  1  0  0  0  0  0  0  0  0  0
  36  9  0  0  0  0  0  0  0  0  0  0  0  0  0  0  0  0  0  0  0  0  0  0  0  0
  37 11  0  0  0  0  0  0  0  0  0  0  0  0  0  0  0  0  0  0  0  0  0  0  0  0
  38 13  0  0  0  0  0  0  0  0  0  0  0  0  0  0  0  0  0  0  0  0  0  0  0  0
  39  5  0  0  0  0  0  0  0  0  0  0  0  0  0  0  0  0  0  0  0  0  1  0  0  0
  40  7  0  0  0  0  1  0  0  0  0  0  0  0  0  0  0  0  0  0  0  0  0  0  0  0
  41 17  0  0  0  0  0  0  0  0  0  0  0  0  0  0  0  0  0  0  0  0  0  0  0  0
  42 11  0  0  0  0  0  0  0  0  0  0  0  0  0  0  0  0  0  0  0  1  0  0  0  0
  43  4  0  0  0  0  0  0  0  1  0  0  0  0  0  0  0  0  0  0  0  0  0  0  0  0
  44  7  0  0  0  0  0  0  0  0  0  0  0  0  0  0  0  0  0  0  0  0  0  0  0  0
  45 11  0  0  0  0  0  0  0  0  0  0  0  0  0  0  0  0  0  0  0  0  0  0  0  0
  46  7  0  0  0  0  0  0  0  0  0  0  0  0  0  0  0  0  0  0  0  0  0  0  0  0
  47  3  0  0  0  0  0  0  0  0  0  0  0  0  0  0  0  0  0  0  0  0  1  0  0  0
  48  2  0  0  0  0  0  0  0  0  0  0  0  0  0  0  0  0  0  0  0  0  0  0  0  0
  49  3  0  0  0  0  0  0  0  0  0  0  0  0  0  0  0  0  0  0  0  0  0  0  0  0
  50  6  0  0  0  0  0  0  0  0  0  0  0  0  0  0  0  0  0  0  0  0  0  0  0  0
  51  2  0  0  0  0  0  0  0  0  0  0  0  0  0  0  0  0  0  0  0  0  0  0  0  0
  52  6  0  0  0  0  0  0  0  0  0  0  0  0  0  0  0  0  0  0  0  0  0  0  0  0
  53  2  0  0  0  0  0  0  0  0  0  0  0  0  0  0  0  0  0  0  0  0  0  0  0  0
  54  4  0  0  0  0  0  0  0  0  0  0  0  0  0  0  0  0  0  0  0  0  0  0  0  0
  55  2  0  0  0  0  0  0  0  0  0  0  0  0  0  0  0  0  0  0  0  0  0  0  0  0
  56  2  0  0  0  0  0  0  0  0  0  0  0  0  0  0  0  0  0  0  0  0  0  0  0  0
  57  3  0  0  0  0  0  0  0  0  0  0  0  0  0  0  0  0  0  0  0  0  0  0  0  0
  58  3  0  0  0  0  0  0  0  0  0  0  0  0  0  0  0  0  0  0  0  0  0  0  0  0
  59  2  0  0  0  0  0  0  0  0  0  0  0  0  0  0  0  0  0  0  0  0  0  0  0  0
  60  3  0  0  0  0  0  0  0  0  0  0  0  0  0  0  0  0  0  0  0  0  0  0  0  0
  61  1  0  0  0  0  0  0  0  0  0  0  0  0  0  0  0  0  0  0  0  0  0  0  0  0
  62  4  0  0  0  0  0  0  0  0  0  0  0  0  0  0  0  0  0  0  0  0  0  0  0  0
  63  3  0  0  0  0  0  0  0  0  0  0  0  0  0  0  0  0  0  0  0  0  0  0  0  0
  64  1  0  0  0  0  0  0  0  0  0  0  0  0  0  0  0  0  0  0  0  0  0  0  0  0
  65  3  0  0  0  0  0  0  0  0  0  0  0  0  0  0  0  0  0  0  0  0  0  0  0  0
  66  4  0  0  0  0  0  0  0  0  0  0  0  0  0  0  0  0  0  0  0  0  0  0  0  0
  67  3  0  0  0  0  0  0  0  0  0  0  0  0  0  0  0  0  0  0  0  0  0  0  0  0
  68  1  0  0  0  0  0  0  0  0  0  0  0  0  0  0  0  0  0  0  0  0  0  0  0  0
  69  2  0  0  0  0  0  0  0  0  0  0  0  0  0  0  0  0  0  0  0  0  0  0  0  0
  70  1  0  0  0  0  0  0  0  0  0  0  0  0  0  0  0  0  0  0  0  0  0  0  0  0
  72  1  0  0  0  0  0  0  0  0  0  0  0  0  0  0  0  0  0  0  0  0  0  0  0  0
  81  0  0  0  0  0  0  0  0  0  0  0  0  0  0  0  0  0  0  0  0  0  0  0  0  0
    
     53 54 55 56 57 58 59 60 61 63 64 65 66 67 68 70 71 72 73 74 75 76 77 78 79
  21  0  0  0  1  0  0  0  0  1  0  1  0  1  0  0  0  1  0  0  0  0  2  0  1  0
  22  1  1  0  0  0  1  0  1  0  1  1  0  1  0  0  0  0  0  0  0  1  1  0  0  0
  23  0  0  0  0  0  0  0  0  0  0  1  0  1  0  0  0  0  0  0  0  0  0  0  0  0
  24  1  0  1  1  0  0  0  0  0  0  0  0  1  0  0  0  1  0  0  0  0  0  1  0  0
  25  0  0  0  1  1  0  1  0  0  1  0  0  1  0  0  0  0  0  0  1  0  1  0  0  0
  26  0  0  0  1  0  0  0  0  0  1  0  0  0  0  0  1  1  0  0  1  0  0  0  0  0
  27  0  0  0  0  0  0  0  0  0  0  0  0  0  0  0  1  0  0  0  0  0  0  0  0  0
  28  0  0  0  0  0  0  0  0  0  0  0  0  0  0  0  1  0  0  0  1  0  0  1  0  0
  29  0  1  0  0  0  0  0  0  0  0  0  1  0  0  0  0  0  0  0  0  0  1  0  1  0
  30  0  0  0  0  0  0  0  0  0  0  1  0  0  0  0  0  0  0  0  0  0  0  0  0  0
  31  0  0  0  0  0  0  0  0  0  0  0  0  0  0  0  0  0  0  0  0  0  0  0  0  0
  32  0  1  0  0  1  0  0  0  0  0  0  0  0  0  0  0  0  0  0  0  0  0  0  0  0
  33  0  0  1  0  0  1  0  0  0  0  0  0  0  0  0  0  0  0  0  0  1  0  0  0  0
  34  0  0  0  0  0  0  0  0  0  0  0  0  0  0  0  0  0  0  0  0  0  0  0  0  1
  35  0  0  0  0  0  0  0  0  0  0  0  0  0  0  0  0  0  1  0  0  0  0  0  0  0
  36  0  0  0  0  0  0  0  0  0  0  0  0  0  0  0  0  1  0  1  0  0  0  0  0  0
  37  0  0  0  0  0  0  0  0  0  0  0  0  0  0  1  0  0  0  0  0  0  0  0  0  0
  38  0  0  0  0  0  0  0  0  0  0  0  0  0  0  0  0  0  0  0  0  0  0  0  0  0
  39  0  0  0  0  0  0  0  0  0  0  0  0  0  0  0  0  0  0  0  0  1  0  0  0  0
  40  0  0  0  0  0  0  0  0  0  0  0  0  0  0  0  0  0  0  0  0  0  0  0  0  0
  41  0  0  0  0  0  0  0  0  0  0  0  0  0  0  0  0  0  0  0  0  0  0  0  0  1
  42  0  0  0  0  0  0  0  0  0  0  0  0  0  0  0  0  0  0  0  0  0  0  0  0  0
  43  0  0  0  0  0  0  0  0  0  0  0  0  0  1  0  0  0  0  0  0  0  0  0  0  0
  44  0  0  0  0  0  0  0  0  0  0  0  0  0  0  0  0  0  0  0  0  0  0  0  0  0
  45  0  0  0  0  0  0  0  0  0  0  0  0  0  0  0  0  0  0  0  0  0  0  0  0  0
  46  0  0  0  0  0  0  0  0  0  0  0  0  0  0  0  0  0  0  0  0  0  0  0  0  0
  47  0  0  0  0  0  0  0  0  0  0  0  0  0  0  0  0  0  0  0  0  0  0  0  0  0
  48  0  1  0  1  0  0  0  0  0  0  0  0  0  0  0  0  0  0  0  0  0  0  0  0  0
  49  0  0  0  0  0  0  0  0  0  0  0  0  0  0  0  0  0  0  0  0  0  0  0  0  0
  50  0  0  0  0  0  0  0  0  0  0  0  0  0  1  0  0  0  0  0  0  0  0  0  0  0
  51  0  0  0  0  0  0  0  0  0  0  0  0  0  0  0  0  0  0  0  0  0  0  0  0  0
  52  0  0  0  0  0  0  0  0  0  0  0  0  0  0  0  0  0  0  0  0  0  0  0  0  0
  53  0  0  0  0  0  0  0  0  0  0  0  0  0  0  0  0  0  0  0  0  0  0  0  0  0
  54  0  0  0  0  0  0  0  0  0  0  0  0  0  0  0  0  0  0  0  0  0  0  0  0  0
  55  0  0  0  0  0  0  0  0  0  0  0  0  0  0  0  0  0  0  0  0  0  0  0  0  0
  56  0  0  0  0  0  0  0  0  0  0  0  0  0  0  0  0  0  0  0  0  0  0  0  0  0
  57  0  0  0  0  0  0  0  0  0  0  0  0  0  0  0  0  0  0  0  0  0  0  0  0  0
  58  0  0  0  0  0  0  0  0  0  0  0  0  0  0  0  0  0  0  0  0  0  0  0  0  0
  59  0  0  0  0  0  0  0  0  0  0  0  0  0  0  0  0  0  0  0  0  0  0  0  0  0
  60  0  0  0  0  0  0  0  0  0  0  0  0  0  0  0  0  0  0  0  0  0  0  0  0  0
  61  0  0  0  0  0  0  0  0  0  0  0  0  0  0  0  0  0  0  0  0  0  0  0  0  0
  62  0  0  0  0  0  0  0  0  0  0  0  0  0  0  0  0  0  0  0  0  0  0  0  0  0
  63  0  0  0  0  0  0  0  0  0  0  0  0  0  0  0  0  0  0  0  0  0  0  0  0  0
  64  0  0  0  0  0  0  0  0  0  0  0  0  0  0  0  0  0  0  0  0  0  0  0  0  0
  65  0  0  0  0  0  0  0  0  0  0  0  0  0  0  0  0  0  0  0  0  0  0  0  0  0
  66  0  0  0  0  0  0  0  0  0  0  0  0  0  0  0  0  0  0  0  0  0  0  0  0  0
  67  0  0  0  0  0  0  0  0  0  0  0  0  0  0  0  0  0  0  0  0  0  0  0  0  0
  68  0  0  0  0  0  0  0  0  0  0  0  0  0  0  0  0  0  0  0  0  0  0  0  0  0
  69  0  0  0  0  0  0  0  0  0  0  0  0  0  0  0  0  0  0  0  0  0  0  0  0  0
  70  0  0  0  0  0  0  0  0  0  0  0  0  0  0  0  0  0  0  0  0  0  0  0  0  0
  72  0  0  0  0  0  0  0  0  0  0  0  0  0  0  0  0  0  0  0  0  0  0  0  0  0
  81  0  0  0  0  0  0  0  1  0  0  0  0  0  0  0  0  0  0  0  0  0  0  0  0  0
    
     81 82 83 84 85 86 87 88 89 90 91 92 94 95 96 99 100 105 106 108 110 112
  21  0  1  0  0  0  0  1  0  1  0  0  0  2  0  0  0   0   1   0   0   0   0
  22  0  1  1  1  0  0  0  2  0  1  0  1  0  0  0  0   0   2   1   0   0   0
  23  0  0  0  0  0  0  0  0  0  0  0  1  1  2  0  0   2   0   0   0   0   0
  24  0  1  0  0  0  1  0  0  0  1  0  0  0  0  0  0   0   2   0   0   0   0
  25  0  0  0  0  1  0  0  0  0  0  0  0  1  0  0  0   2   0   1   0   1   0
  26  0  0  0  0  0  0  0  1  0  0  0  1  2  0  0  2   0   0   0   0   0   0
  27  0  0  0  0  0  0  0  0  0  0  0  0  0  0  1  0   2   1   1   0   0   0
  28  1  0  0  0  0  0  0  0  0  1  0  0  0  0  0  0   0   1   0   0   0   0
  29  0  0  0  0  0  0  0  0  0  0  0  0  0  0  0  0   0   1   0   0   0   0
  30  0  0  1  0  0  0  0  0  0  0  0  0  0  0  0  0   0   0   0   0   0   1
  31  0  0  0  0  0  0  0  0  0  0  0  0  0  0  0  0   0   0   0   0   2   0
  32  0  0  0  0  0  0  0  0  0  0  1  0  0  0  1  0   0   0   0   0   0   0
  33  0  0  1  0  0  0  0  0  0  0  0  0  0  0  0  0   0   0   0   0   0   0
  34  0  0  0  0  0  0  0  0  0  0  0  0  0  0  0  0   0   0   0   0   0   0
  35  0  0  0  0  0  0  0  1  0  1  0  0  0  0  0  0   0   0   0   0   0   0
  36  0  0  0  0  0  0  0  0  0  0  0  0  0  0  0  0   0   0   0   0   0   0
  37  0  0  0  0  0  0  1  0  0  0  0  0  0  0  0  0   0   0   0   0   1   0
  38  0  0  0  0  1  0  0  0  0  0  0  0  0  0  0  0   0   0   0   0   0   0
  39  0  0  0  0  0  0  0  0  0  0  0  0  0  0  0  0   0   0   0   0   0   0
  40  0  0  0  0  0  0  0  0  0  0  0  0  1  0  0  0   0   0   0   0   0   0
  41  0  0  0  0  0  0  0  0  0  0  0  0  0  0  0  0   0   0   0   0   0   0
  42  0  0  0  0  0  0  0  0  0  0  0  0  0  0  0  0   0   1   0   0   0   0
  43  0  0  0  0  0  0  0  0  0  0  0  0  0  0  0  0   0   0   0   0   1   0
  44  0  0  0  0  0  0  0  0  0  0  0  0  0  0  0  0   0   0   0   0   0   0
  45  0  0  0  0  0  0  0  0  0  0  0  0  0  0  0  0   1   1   0   0   0   0
  46  0  0  0  0  0  0  0  0  0  0  0  0  0  0  0  0   0   1   0   0   0   0
  47  0  0  0  0  0  0  0  0  0  0  0  0  0  0  0  0   0   0   0   0   0   0
  48  0  0  0  0  0  0  0  0  0  0  0  0  0  0  0  0   0   0   0   0   0   0
  49  0  0  0  0  0  0  0  0  0  0  0  0  0  0  0  0   0   0   0   1   0   0
  50  0  0  0  0  0  0  0  0  0  0  0  0  0  0  0  0   0   0   0   0   0   0
  51  0  0  0  0  0  0  0  0  0  0  0  0  0  0  0  0   0   0   0   0   0   0
  52  0  0  0  0  0  0  0  0  0  0  0  0  0  0  0  0   0   0   0   0   0   0
  53  0  0  0  0  0  0  0  0  0  0  0  0  0  0  0  0   0   0   0   0   0   0
  54  0  0  0  0  0  0  0  0  0  0  0  0  0  0  0  0   0   0   0   0   0   0
  55  0  0  0  0  0  0  0  0  0  0  0  0  0  0  0  0   0   0   0   0   0   0
  56  0  0  0  0  0  0  0  0  0  0  0  0  0  0  0  0   0   0   0   0   0   0
  57  0  0  0  0  0  0  0  0  0  0  0  0  0  0  0  0   0   0   0   0   1   0
  58  0  0  0  0  0  0  0  0  0  0  0  0  0  0  0  0   0   0   0   0   0   0
  59  0  0  0  0  0  0  0  0  0  0  0  0  0  0  0  0   0   0   0   0   0   0
  60  0  0  0  0  0  0  0  0  0  0  0  0  0  0  0  0   0   0   0   0   0   0
  61  0  0  0  0  0  0  0  0  0  0  0  0  0  0  0  0   0   0   0   0   0   0
  62  0  0  0  0  0  0  0  0  0  0  0  0  0  0  0  0   0   0   0   0   0   0
  63  0  0  0  0  0  0  0  0  0  0  0  0  0  0  0  0   0   0   0   0   0   0
  64  0  0  0  0  0  0  0  0  0  0  0  0  0  0  0  0   0   0   0   0   0   0
  65  0  0  0  0  0  0  0  0  0  0  0  0  0  0  0  0   0   0   0   0   0   0
  66  0  0  0  0  0  0  0  0  0  0  0  0  0  0  0  0   0   0   0   0   0   0
  67  0  0  0  0  0  0  0  0  0  0  0  0  0  0  0  0   0   0   0   0   0   0
  68  0  0  0  0  0  0  0  0  0  0  0  0  0  0  0  0   0   0   0   0   0   0
  69  0  0  0  0  0  0  0  0  0  0  0  0  0  0  0  0   0   0   0   0   0   0
  70  0  0  0  0  0  0  0  0  0  0  0  0  0  0  0  0   0   0   0   0   0   0
  72  0  0  0  0  0  0  0  0  0  0  0  0  0  0  0  0   0   0   0   0   0   0
  81  0  0  0  0  0  0  0  0  0  0  0  0  0  0  0  0   0   0   0   0   0   0
    
     114 115 116 119 120 122 125 126 127 128 129 130 132 135 140 142 144 145
  21   0   1   0   0   1   0   0   0   0   0   0   0   0   0   0   0   0   0
  22   0   0   1   0   1   0   0   0   0   0   0   0   0   1   1   1   0   0
  23   0   0   1   0   1   0   1   0   0   0   0   0   0   1   0   0   0   0
  24   0   0   0   0   2   0   0   0   0   1   0   1   1   1   1   0   0   0
  25   0   1   0   0   0   0   0   0   0   0   1   0   0   1   0   0   0   0
  26   0   0   0   0   1   0   0   0   0   0   0   2   0   0   1   0   0   1
  27   0   0   0   0   0   0   1   0   0   0   0   0   0   0   1   0   0   0
  28   0   2   0   0   1   0   0   0   0   0   0   0   0   0   1   0   0   0
  29   0   0   0   0   0   0   0   0   0   0   0   1   0   0   0   0   0   0
  30   0   0   0   0   0   0   0   0   0   0   0   0   0   1   0   0   0   0
  31   1   0   0   0   0   0   1   0   0   0   0   0   0   0   1   0   0   0
  32   0   0   0   0   1   0   0   0   0   0   0   0   0   0   0   0   0   0
  33   0   0   0   0   0   0   0   0   0   0   0   0   0   0   0   0   1   0
  34   0   0   0   1   0   0   0   0   0   0   0   1   0   0   0   0   0   0
  35   0   0   0   0   0   0   0   0   0   0   0   1   0   0   0   0   0   0
  36   0   0   0   0   0   0   0   0   0   0   0   1   0   0   0   0   0   0
  37   0   0   0   0   0   0   0   1   0   0   0   0   0   0   1   0   0   0
  38   0   0   0   0   0   0   0   0   0   0   0   0   0   0   0   0   0   0
  39   0   1   0   0   0   1   0   0   0   0   0   0   0   0   1   0   0   0
  40   0   0   0   0   0   0   0   0   0   0   0   1   0   0   0   0   0   1
  41   0   1   0   0   0   0   0   0   0   0   0   0   0   0   0   0   0   0
  42   0   0   0   0   0   0   0   0   1   0   0   1   0   0   0   0   0   0
  43   0   0   0   0   0   0   1   0   0   0   0   0   0   0   0   0   0   0
  44   0   0   0   0   0   0   0   0   0   0   0   0   0   0   0   0   0   0
  45   0   0   0   0   0   1   0   0   0   0   0   0   0   0   1   0   0   0
  46   0   0   0   0   0   0   0   1   0   0   0   0   0   0   0   0   0   0
  47   1   0   0   0   0   0   0   0   0   0   0   0   1   0   0   0   0   0
  48   0   0   0   0   0   0   0   0   0   0   0   0   0   0   0   0   0   0
  49   0   0   0   0   0   0   0   0   0   0   0   0   0   0   0   0   0   0
  50   0   0   0   0   0   0   0   0   0   0   0   0   0   0   0   0   1   0
  51   0   0   0   0   0   0   0   0   0   0   0   0   0   1   0   0   0   0
  52   0   0   0   0   0   0   0   0   0   0   0   0   0   0   0   0   0   0
  53   0   0   0   0   0   0   0   0   0   0   0   0   0   0   0   0   0   0
  54   0   0   0   0   0   0   0   1   0   0   0   0   0   0   0   0   0   0
  55   0   0   0   0   0   0   0   0   0   0   0   0   0   0   0   0   0   1
  56   0   0   0   0   0   0   0   0   0   0   0   0   0   0   0   0   0   0
  57   0   0   0   0   0   0   0   0   0   0   0   0   0   0   0   0   0   0
  58   0   0   0   0   0   0   0   0   0   0   0   0   0   0   0   0   0   0
  59   0   0   0   0   0   0   0   0   0   0   0   0   0   0   0   0   0   0
  60   0   0   0   0   0   0   0   0   0   0   0   0   0   0   0   0   0   0
  61   0   0   0   0   0   0   0   0   0   0   0   0   0   0   0   0   0   0
  62   0   0   0   0   0   0   0   0   0   0   0   0   0   0   0   0   0   0
  63   0   0   0   0   0   0   0   0   0   0   0   0   0   0   0   0   0   0
  64   0   0   0   0   0   0   0   0   0   0   0   0   0   0   0   0   0   0
  65   0   0   0   0   0   0   0   0   0   0   0   0   0   0   0   0   0   0
  66   0   0   0   0   0   0   0   0   0   0   0   0   0   0   0   0   0   0
  67   0   0   0   0   0   0   0   0   0   0   0   0   0   0   0   0   0   0
  68   0   0   0   0   0   0   0   0   0   0   0   0   0   0   0   0   0   0
  69   0   0   0   0   0   0   0   0   0   0   0   0   0   0   0   0   0   0
  70   0   0   0   0   0   0   0   0   0   0   0   0   0   0   0   0   0   0
  72   0   0   0   0   0   0   0   0   0   0   0   0   0   0   0   0   0   0
  81   0   0   0   0   0   0   0   0   0   0   0   0   0   0   0   0   0   0
    
     146 148 150 152 155 156 158 159 160 165 166 167 168 170 171 175 176 178
  21   0   1   0   1   0   0   0   0   1   0   0   1   0   1   0   0   0   0
  22   0   1   0   0   0   0   0   1   0   1   0   0   0   0   0   0   0   0
  23   0   0   0   0   0   0   0   0   1   0   0   0   0   0   0   0   0   0
  24   0   0   0   0   0   0   1   0   0   0   0   0   1   0   0   0   0   1
  25   0   0   0   0   0   0   0   0   1   0   0   0   0   0   0   0   1   0
  26   0   0   0   0   0   0   0   0   0   1   0   0   0   1   0   0   0   0
  27   0   0   0   1   0   0   0   0   0   0   0   0   0   0   0   0   0   0
  28   0   0   0   0   1   0   1   0   1   0   1   1   0   0   0   0   0   0
  29   0   0   0   0   0   0   0   0   0   0   0   0   0   0   0   0   0   0
  30   0   0   0   0   0   1   0   0   0   0   0   0   0   0   0   0   0   0
  31   0   0   0   0   0   0   0   0   0   0   0   0   0   0   0   0   0   0
  32   0   0   0   0   1   0   0   0   0   0   0   0   0   0   0   0   0   0
  33   0   0   0   0   0   0   0   0   0   1   0   0   2   0   1   0   1   0
  34   0   0   0   0   0   0   0   0   0   0   0   0   0   0   0   0   1   0
  35   0   0   0   0   0   0   0   0   0   0   0   0   0   0   0   0   0   0
  36   0   0   0   0   0   0   0   0   0   0   0   0   0   0   0   1   0   0
  37   0   0   0   0   1   0   0   0   0   0   0   0   0   0   0   0   0   0
  38   0   0   0   0   0   0   0   0   0   0   0   0   0   0   0   0   0   0
  39   0   0   0   0   0   0   0   0   0   0   0   0   0   0   0   1   0   0
  40   0   0   0   0   0   0   0   0   0   0   0   0   0   0   0   0   0   0
  41   0   0   0   0   0   1   0   0   0   0   0   0   0   0   0   0   0   0
  42   0   0   0   0   1   0   0   0   0   0   0   0   0   0   0   0   0   0
  43   0   0   0   0   0   0   0   0   0   0   0   0   0   0   0   0   0   0
  44   0   0   0   0   0   0   0   0   0   0   0   0   0   0   0   0   0   0
  45   0   0   0   0   0   0   0   0   0   0   0   0   0   0   0   0   0   0
  46   0   0   0   0   0   0   0   0   0   0   0   0   0   0   0   0   0   0
  47   0   0   0   0   0   0   0   0   0   0   0   0   0   0   0   0   0   0
  48   0   0   1   0   0   0   0   0   0   0   0   0   0   0   0   0   0   0
  49   0   0   0   0   0   0   0   0   0   0   0   0   1   0   0   0   0   0
  50   0   0   0   0   0   0   0   0   0   0   0   0   0   0   0   0   0   0
  51   1   0   1   0   0   0   0   0   0   0   0   0   0   0   0   1   0   0
  52   0   0   0   0   0   1   0   0   0   0   0   0   0   0   0   0   0   0
  53   0   0   0   0   0   0   0   0   0   1   0   0   0   0   0   0   0   0
  54   0   0   0   0   0   0   0   0   0   0   0   0   0   0   0   0   0   0
  55   0   0   0   0   0   0   0   0   0   0   0   0   0   0   0   0   0   0
  56   0   0   0   0   0   0   0   0   0   0   0   0   0   0   0   0   0   0
  57   0   0   0   0   0   0   0   0   0   0   0   0   0   0   0   0   0   0
  58   0   0   0   0   0   0   0   0   0   0   0   0   0   0   0   0   0   0
  59   0   0   0   0   0   0   0   0   0   0   0   0   0   0   0   0   0   0
  60   0   0   0   0   0   0   0   0   0   0   0   0   0   0   0   0   0   0
  61   0   0   0   0   0   0   0   0   0   0   0   0   0   0   0   0   0   0
  62   0   0   0   0   0   0   0   0   0   0   0   0   0   0   0   0   0   0
  63   0   0   0   0   0   0   0   0   0   0   0   0   0   0   0   0   0   0
  64   0   0   0   0   0   0   0   0   0   0   0   0   0   0   0   0   0   0
  65   0   0   0   0   0   0   0   0   0   0   0   0   0   0   0   0   0   0
  66   0   0   0   0   0   0   0   0   0   0   0   0   0   0   0   0   0   0
  67   0   0   0   0   0   0   0   0   0   0   0   0   0   0   0   0   0   0
  68   0   0   0   0   0   0   0   0   0   0   0   0   0   0   0   0   0   0
  69   0   0   0   0   0   0   0   0   0   0   0   0   0   0   0   0   0   0
  70   0   0   0   0   0   0   0   0   0   0   0   0   0   0   0   0   0   0
  72   0   0   0   0   0   0   0   0   0   0   0   0   0   0   0   0   0   0
  81   0   0   0   0   0   0   0   0   0   0   0   0   0   0   0   0   0   0
    
     180 182 183 184 185 188 190 191 192 193 194 196 200 204 205 207 210 215
  21   0   1   0   0   0   0   0   0   0   0   0   0   1   0   0   0   1   0
  22   0   0   1   0   1   1   0   0   0   0   0   0   0   0   0   0   0   0
  23   1   1   0   0   0   0   0   0   0   0   0   0   0   0   0   0   1   0
  24   0   0   0   0   0   0   0   0   0   0   1   0   0   1   0   0   0   1
  25   2   0   0   0   0   0   0   0   0   0   0   0   0   0   1   0   1   0
  26   0   0   0   0   0   0   0   0   0   0   0   0   1   0   0   0   0   0
  27   0   0   0   0   0   0   1   0   0   0   0   0   0   0   0   0   0   0
  28   0   0   0   0   0   0   0   0   0   0   0   0   0   0   0   0   0   0
  29   0   0   0   0   0   0   0   1   0   0   1   0   0   0   0   0   1   0
  30   0   0   0   0   0   0   0   0   0   0   0   0   0   0   1   0   0   0
  31   0   1   0   0   1   0   0   0   0   0   0   0   0   0   0   0   0   0
  32   0   0   0   0   0   0   0   0   0   0   0   0   0   0   0   0   0   0
  33   0   0   0   0   0   0   0   0   1   0   0   0   0   0   0   0   0   0
  34   0   0   0   0   0   0   0   0   0   0   0   0   0   0   0   0   0   0
  35   0   0   0   0   0   0   0   0   0   0   0   0   0   0   0   0   0   0
  36   0   0   0   0   0   0   0   0   0   0   1   0   1   0   0   0   1   0
  37   0   0   0   0   0   0   0   0   0   0   0   0   0   0   0   0   0   1
  38   1   0   0   0   0   0   0   0   0   0   0   0   0   0   0   0   0   0
  39   0   0   0   0   0   0   0   0   0   1   0   0   0   0   0   0   0   0
  40   0   0   0   0   0   0   0   0   0   0   0   0   0   0   0   0   0   0
  41   0   0   0   0   0   0   0   0   0   0   0   0   1   0   0   0   0   0
  42   0   0   0   0   0   0   0   0   0   0   0   1   0   0   0   0   0   0
  43   1   0   0   0   0   0   1   0   0   0   0   0   0   0   0   0   0   1
  44   0   0   0   0   0   0   0   0   0   0   0   0   0   0   0   0   0   0
  45   0   0   0   0   0   0   0   0   0   0   0   0   0   0   0   0   0   0
  46   1   0   0   1   0   0   0   0   0   0   0   0   0   0   0   0   0   0
  47   0   0   0   0   0   0   0   0   0   0   0   0   0   0   0   0   0   0
  48   0   0   0   0   0   0   0   0   0   0   0   0   0   0   0   0   0   0
  49   0   0   0   0   0   0   0   0   0   0   0   0   0   0   0   0   0   0
  50   0   0   0   0   0   0   0   0   0   0   0   0   0   0   0   0   0   0
  51   0   0   0   0   0   0   0   0   1   0   0   0   0   0   0   0   0   0
  52   0   0   0   0   0   0   0   0   0   0   0   0   0   0   0   0   0   0
  53   0   0   0   0   0   0   0   0   0   0   0   0   0   0   0   1   0   0
  54   0   0   0   0   0   0   0   0   0   0   0   0   0   0   0   0   0   0
  55   0   0   0   0   0   0   1   0   0   0   0   0   0   0   0   0   0   0
  56   0   0   0   0   0   0   0   0   0   0   0   0   0   0   0   1   0   0
  57   0   0   0   0   0   0   0   0   0   0   0   0   0   0   0   0   0   0
  58   0   0   0   0   0   0   0   0   0   0   0   0   0   0   0   0   0   0
  59   0   0   0   0   0   0   0   0   0   0   0   0   0   0   0   0   0   0
  60   0   0   0   0   0   0   0   0   0   0   0   0   0   0   0   0   0   0
  61   0   0   0   0   0   0   1   0   0   0   0   0   0   0   0   0   0   0
  62   0   0   0   0   0   0   0   0   0   0   0   0   0   0   0   0   0   0
  63   1   0   0   0   0   0   0   0   0   0   0   0   0   0   0   0   0   0
  64   0   0   0   0   0   0   0   0   0   0   0   0   0   0   0   0   0   0
  65   0   0   0   0   0   0   0   0   0   0   0   0   0   0   0   0   0   0
  66   0   0   0   0   0   0   0   0   0   0   0   0   0   0   0   0   0   0
  67   0   0   0   0   0   0   0   0   0   0   0   0   0   0   0   0   0   0
  68   0   0   0   0   0   0   0   0   0   0   0   0   0   0   0   0   0   0
  69   0   0   0   0   0   0   0   0   0   0   0   0   0   0   0   0   0   0
  70   0   0   0   0   0   0   0   0   0   0   0   0   0   0   0   0   0   0
  72   0   0   0   0   0   0   0   0   0   0   0   0   0   0   0   0   0   0
  81   0   0   0   0   0   0   0   0   0   0   0   0   0   0   0   0   0   0
    
     220 225 228 230 231 235 237 240 245 249 250 255 258 265 270 271 272 274
  21   0   0   0   0   0   0   0   0   0   0   0   0   0   0   0   0   0   0
  22   0   0   0   0   0   0   0   1   0   0   0   0   0   0   0   0   0   0
  23   0   0   0   0   0   0   0   0   0   0   0   0   0   1   1   0   0   0
  24   0   0   0   0   0   0   0   0   0   0   1   0   0   0   0   0   0   0
  25   0   0   0   0   0   0   0   0   0   0   0   0   0   0   0   0   0   0
  26   0   0   0   0   0   0   0   0   0   0   0   1   0   0   0   0   0   0
  27   0   0   0   0   0   1   0   0   0   0   0   0   0   0   0   0   1   0
  28   0   0   0   0   0   0   0   0   1   0   0   0   0   0   0   0   0   1
  29   1   0   0   0   0   0   0   0   0   1   0   0   0   0   0   0   0   0
  30   0   1   0   0   0   0   0   0   0   0   0   0   0   0   0   0   0   0
  31   1   0   0   1   1   0   0   0   0   0   0   0   0   0   0   0   0   0
  32   0   0   0   0   0   0   0   0   0   0   0   0   0   0   0   0   0   0
  33   0   0   0   0   0   0   0   0   0   0   0   0   0   0   0   0   0   0
  34   0   0   0   1   0   0   0   0   0   0   0   0   0   0   0   0   0   0
  35   0   0   0   0   0   0   0   0   0   0   0   0   0   0   0   0   0   0
  36   0   0   0   0   0   0   0   0   0   0   0   0   0   0   0   0   0   0
  37   0   1   0   0   0   0   0   0   0   0   0   0   0   0   0   0   0   0
  38   0   0   0   0   0   0   0   0   0   0   0   0   0   0   0   1   0   0
  39   0   0   0   0   0   0   0   0   0   0   0   0   0   0   0   0   0   0
  40   0   0   1   0   0   0   0   0   0   0   0   0   0   0   0   0   0   0
  41   0   0   0   0   0   0   0   0   0   0   0   0   0   0   0   0   0   0
  42   0   0   0   0   0   0   0   0   0   0   0   0   0   0   0   0   0   0
  43   0   0   0   0   1   0   0   0   0   0   0   0   0   0   0   0   0   0
  44   0   0   0   0   0   0   0   0   0   0   0   0   1   0   0   0   0   0
  45   0   0   0   0   0   0   0   0   0   0   0   0   0   0   0   0   0   0
  46   0   0   0   0   0   0   0   0   0   0   0   0   0   0   0   0   0   0
  47   0   0   0   0   0   0   0   0   0   0   0   0   0   0   0   0   0   0
  48   0   0   0   0   0   0   0   0   0   0   0   0   0   0   0   0   0   0
  49   0   0   0   0   0   0   0   0   0   0   0   0   0   0   0   0   0   0
  50   0   0   0   0   0   0   0   0   0   0   0   0   0   0   0   0   0   0
  51   0   0   0   0   0   0   1   0   0   0   0   0   0   0   0   0   0   0
  52   0   0   0   0   0   0   0   0   0   0   0   0   0   0   0   0   0   0
  53   0   0   0   0   0   0   0   0   0   0   0   0   0   0   0   0   0   0
  54   0   0   0   0   0   0   0   1   0   0   0   0   0   0   0   0   0   0
  55   0   0   0   0   0   0   0   0   0   0   0   0   0   0   0   0   0   0
  56   0   0   0   0   0   0   0   0   0   0   0   0   0   0   0   0   0   0
  57   0   0   0   0   0   0   0   0   0   0   0   0   0   0   0   0   0   0
  58   0   0   0   0   0   0   0   0   0   0   0   0   0   1   0   0   0   0
  59   0   0   0   0   0   0   0   0   0   0   0   0   0   0   0   0   0   0
  60   0   0   0   0   0   0   0   0   0   0   0   0   0   0   0   0   0   0
  61   0   0   0   0   0   0   0   0   0   0   0   0   0   0   0   0   0   0
  62   0   0   0   0   0   0   0   0   0   0   0   0   0   0   0   0   0   0
  63   0   0   0   0   0   0   0   0   0   0   0   0   0   0   0   0   0   0
  64   0   0   0   0   0   0   0   0   0   0   0   0   0   0   0   0   0   0
  65   0   0   0   0   0   0   0   0   0   0   0   0   0   0   0   0   0   0
  66   0   0   0   0   0   0   0   0   0   0   0   0   0   0   0   0   0   0
  67   0   0   0   0   0   0   0   0   0   0   0   0   0   0   0   0   0   0
  68   0   0   0   0   0   0   0   0   0   0   0   0   0   0   0   0   0   0
  69   0   0   0   0   0   0   0   0   0   0   0   0   0   0   0   0   0   0
  70   0   0   0   0   0   0   0   0   0   0   0   0   0   0   0   0   0   0
  72   0   0   0   0   0   0   0   0   0   0   0   0   0   0   0   0   0   0
  81   0   0   0   0   0   0   0   0   0   0   0   0   0   0   0   0   0   0
    
     275 277 278 280 284 285 291 293 300 304 310 318 321 325 326 328 330 335
  21   0   0   0   0   0   0   1   0   0   0   0   0   0   0   0   0   0   0
  22   0   0   1   0   0   0   0   1   0   0   1   0   0   0   0   0   0   1
  23   0   0   0   0   1   0   0   0   0   0   0   0   0   0   0   0   1   0
  24   0   0   0   0   0   0   0   0   0   0   0   0   0   0   0   0   0   0
  25   1   0   0   0   0   0   0   0   0   0   0   0   0   0   0   0   0   0
  26   0   0   0   0   0   0   0   0   0   0   0   0   0   0   0   0   0   0
  27   0   0   0   0   0   1   0   0   0   0   0   0   0   0   0   0   0   0
  28   0   0   0   0   0   0   0   0   0   0   0   0   0   1   0   0   0   0
  29   0   0   0   0   0   0   0   0   0   0   0   1   0   1   0   0   0   0
  30   0   0   0   0   0   0   0   1   0   0   0   0   0   0   0   0   0   0
  31   0   1   0   0   0   0   0   0   0   0   0   0   0   0   0   0   0   0
  32   0   0   0   0   0   0   0   0   0   0   0   0   0   0   0   0   0   0
  33   0   0   0   0   0   0   0   0   0   0   0   0   0   0   0   0   0   0
  34   0   0   0   0   0   0   0   0   0   0   0   0   0   0   0   0   0   0
  35   0   0   0   0   0   0   0   0   0   0   0   0   0   0   0   1   0   0
  36   0   0   0   0   0   0   0   0   0   0   0   0   0   0   0   0   0   0
  37   0   0   0   0   0   0   0   0   0   0   0   0   0   0   0   0   0   0
  38   0   0   0   0   0   0   0   0   0   0   0   0   0   0   0   0   0   0
  39   0   0   0   0   0   0   0   0   0   0   0   0   0   0   0   0   0   0
  40   0   0   0   0   0   0   0   0   0   0   0   0   1   0   0   0   0   0
  41   0   0   0   0   0   0   0   0   0   1   0   0   0   0   0   0   0   0
  42   0   0   0   0   0   0   0   0   0   0   0   0   0   0   0   0   0   0
  43   0   0   0   0   0   0   0   0   0   0   0   0   0   0   0   0   0   0
  44   0   0   0   0   0   0   0   0   0   0   0   0   0   0   0   0   0   0
  45   0   0   0   0   0   0   0   0   0   0   0   0   0   0   0   0   0   0
  46   0   0   0   0   0   0   0   0   0   0   0   0   0   0   0   0   0   0
  47   0   0   0   0   0   0   0   0   0   0   0   0   0   0   0   0   0   0
  48   0   0   0   0   0   0   0   0   0   0   0   0   0   0   0   0   0   0
  49   0   0   0   0   0   0   0   0   0   0   0   0   0   0   0   0   0   0
  50   0   0   0   0   0   0   0   0   0   0   0   0   0   0   0   0   0   0
  51   0   0   0   0   0   0   0   0   0   0   0   0   0   0   0   0   0   0
  52   0   0   0   0   0   0   0   0   0   0   0   0   0   0   0   0   0   0
  53   0   0   0   0   0   0   0   0   0   0   0   0   0   0   0   0   0   0
  54   0   0   0   0   0   0   0   0   0   0   0   0   0   0   0   0   0   0
  55   0   0   0   0   0   0   0   0   0   0   0   0   0   0   0   0   0   0
  56   0   0   0   0   0   0   0   0   0   0   0   0   0   0   0   0   0   0
  57   0   0   0   1   0   0   0   0   0   0   0   0   0   0   0   0   0   0
  58   0   0   0   0   0   1   0   0   1   0   0   0   0   1   0   0   0   0
  59   0   0   0   0   0   0   0   0   0   0   0   0   0   0   0   0   0   0
  60   0   0   0   0   0   0   0   0   0   0   0   0   0   0   1   0   0   0
  61   0   0   0   0   0   0   0   0   0   0   0   0   0   0   0   0   0   0
  62   0   0   0   0   0   0   0   0   0   0   0   0   0   0   0   0   0   0
  63   0   0   0   0   0   0   0   0   0   0   0   0   0   0   0   0   0   0
  64   0   0   0   0   0   0   0   0   0   0   0   0   0   0   0   0   0   0
  65   0   0   0   0   0   0   0   0   0   0   0   0   0   0   0   0   0   0
  66   0   0   0   0   0   0   0   0   0   0   0   0   0   0   0   0   0   0
  67   0   0   0   0   0   0   0   0   0   0   0   0   0   0   0   0   0   0
  68   0   0   0   0   0   0   0   0   0   0   0   0   0   0   0   0   0   0
  69   0   0   0   0   0   0   0   0   0   0   0   0   0   0   0   0   0   0
  70   0   0   0   0   0   0   0   0   0   0   0   0   0   0   0   0   0   0
  72   0   0   0   0   0   0   0   0   0   0   0   0   0   0   0   0   0   0
  81   0   0   0   0   0   0   0   0   0   0   0   0   0   0   0   0   0   0
    
     342 360 370 375 387 392 402 415 440 465 474 478 480 485 495 510 540 543
  21   0   0   0   0   0   0   0   1   0   0   0   1   1   0   0   0   0   0
  22   0   0   0   0   0   0   0   0   0   0   1   0   0   0   0   0   0   0
  23   0   0   0   0   0   0   0   0   0   0   0   0   0   1   0   0   0   0
  24   0   0   0   1   1   0   0   0   0   0   0   0   0   0   0   0   0   0
  25   0   0   0   0   0   0   0   0   0   1   0   0   0   0   0   0   1   0
  26   0   0   0   0   0   0   0   0   0   0   0   0   0   0   0   1   0   0
  27   0   0   0   0   0   0   0   0   0   0   0   0   0   0   0   0   0   0
  28   0   0   0   0   0   0   0   0   0   0   0   0   0   0   0   0   0   0
  29   0   1   0   0   0   0   0   0   0   0   0   0   0   0   0   0   0   0
  30   0   0   0   0   0   0   0   0   1   0   0   0   0   0   0   0   0   0
  31   0   0   0   0   0   0   0   0   0   0   0   0   0   0   0   0   0   0
  32   0   0   0   0   0   0   0   0   0   0   0   0   0   0   0   0   0   0
  33   0   0   0   0   0   0   0   0   0   0   0   0   0   0   0   0   0   0
  34   0   0   0   0   0   1   1   0   0   0   0   0   0   0   0   0   0   0
  35   0   0   0   0   0   0   0   0   0   0   0   0   0   0   0   0   0   0
  36   0   0   0   0   0   0   0   0   0   0   0   0   0   0   0   0   0   0
  37   0   0   0   0   0   0   0   0   0   0   0   0   0   0   0   0   0   0
  38   0   0   0   0   0   0   0   0   0   0   0   0   0   0   0   0   0   0
  39   0   0   0   0   0   0   0   0   0   0   0   0   0   0   0   0   0   0
  40   0   0   0   0   0   0   0   0   0   0   0   0   0   0   0   0   0   0
  41   0   0   0   0   0   0   0   0   0   0   0   0   0   0   0   0   0   0
  42   1   0   0   0   0   0   0   0   0   0   0   0   0   0   0   0   0   0
  43   0   0   0   0   0   0   0   0   0   0   0   0   1   0   0   0   0   0
  44   0   0   0   0   0   0   0   0   0   0   0   0   0   0   0   0   0   0
  45   0   0   0   0   0   0   0   0   0   0   0   0   0   0   0   0   0   0
  46   0   0   1   0   0   0   0   0   0   0   0   0   0   0   1   0   0   0
  47   0   0   0   0   0   0   0   0   0   0   0   0   0   0   0   0   0   0
  48   0   0   0   0   0   0   0   0   0   0   0   0   0   0   0   0   0   0
  49   0   0   0   0   0   0   0   0   0   0   0   0   0   0   0   0   0   0
  50   0   0   0   0   0   0   0   0   0   0   0   0   0   0   0   0   0   0
  51   0   0   0   0   0   0   0   0   0   0   0   0   0   0   0   0   0   0
  52   0   0   0   0   0   0   0   0   0   0   0   0   0   0   0   0   0   0
  53   0   0   0   0   0   0   0   0   0   0   0   0   0   0   0   0   0   1
  54   0   0   0   0   0   0   0   0   0   0   0   0   0   0   0   0   0   0
  55   0   0   0   0   0   0   0   0   0   0   0   0   0   0   0   0   0   0
  56   0   0   0   0   0   0   0   0   0   0   0   0   0   0   0   0   0   0
  57   0   0   0   0   0   0   0   0   0   0   0   0   0   0   0   0   0   0
  58   0   0   0   0   0   0   0   0   0   0   0   0   0   0   0   0   0   0
  59   0   0   0   0   0   0   0   0   0   0   0   0   0   0   0   0   0   0
  60   0   0   0   0   0   0   0   0   0   0   0   0   0   0   1   0   0   0
  61   0   0   0   0   0   0   0   0   0   0   0   0   0   0   0   0   0   0
  62   0   0   0   0   0   0   0   0   0   0   0   0   0   0   0   0   0   0
  63   0   0   0   0   0   0   0   0   0   0   0   0   0   0   0   0   0   0
  64   0   0   0   0   0   0   0   0   0   0   0   0   0   0   0   0   0   0
  65   0   0   0   0   0   0   0   0   0   0   0   0   0   0   0   0   0   0
  66   0   0   0   0   0   0   0   0   0   0   0   0   0   0   0   0   0   0
  67   0   0   0   0   0   0   0   0   0   0   0   0   0   0   0   0   0   0
  68   0   0   0   0   0   0   0   0   0   0   0   0   0   0   0   0   0   0
  69   0   0   0   0   0   0   0   0   0   0   0   0   0   0   0   0   0   0
  70   0   0   0   0   0   0   0   0   0   0   0   0   0   0   0   0   0   0
  72   0   0   0   0   0   0   0   0   0   0   0   0   0   0   0   0   0   0
  81   0   0   0   0   0   0   0   0   0   0   0   0   0   0   0   0   0   0
    
     545 579 600 680 744 846
  21   0   0   0   0   0   0
  22   0   0   0   0   0   0
  23   0   0   0   1   0   0
  24   0   0   0   0   0   0
  25   0   0   0   0   0   0
  26   0   0   0   0   0   0
  27   0   0   0   0   0   0
  28   0   1   0   0   0   0
  29   0   0   0   0   0   0
  30   0   0   0   0   0   0
  31   0   0   0   0   1   0
  32   0   0   0   0   0   0
  33   0   0   0   0   0   0
  34   1   0   0   0   0   0
  35   0   0   0   0   0   0
  36   0   0   0   0   0   0
  37   0   0   0   0   0   0
  38   0   0   0   0   0   0
  39   0   0   0   0   0   0
  40   0   0   0   0   0   0
  41   0   0   0   0   0   0
  42   0   0   0   0   0   0
  43   0   0   0   0   0   0
  44   0   0   0   0   0   0
  45   0   0   0   0   0   0
  46   0   0   0   0   0   0
  47   0   0   0   0   0   0
  48   0   0   0   0   0   0
  49   0   0   0   0   0   0
  50   0   0   0   0   0   0
  51   0   0   0   0   0   0
  52   0   0   1   0   0   0
  53   0   0   0   0   0   0
  54   0   0   0   0   0   0
  55   0   0   0   0   0   0
  56   0   0   0   0   0   0
  57   0   0   0   0   0   0
  58   0   0   0   0   0   0
  59   0   0   0   0   0   1
  60   0   0   0   0   0   0
  61   0   0   0   0   0   0
  62   0   0   0   0   0   0
  63   0   0   0   0   0   0
  64   0   0   0   0   0   0
  65   0   0   0   0   0   0
  66   0   0   0   0   0   0
  67   0   0   0   0   0   0
  68   0   0   0   0   0   0
  69   0   0   0   0   0   0
  70   0   0   0   0   0   0
  72   0   0   0   0   0   0
  81   0   0   0   0   0   0
> chisq.test(diabetes1)

        Pearson's Chi-squared test

data:  diabetes1
X-squared = 7561.7, df = 9435, p-value = 1

Warning message:
In chisq.test(diabetes1) : Chi-squared approximation may be incorrect
>
