> diabetes1=table(diabetes$Age,diabetes$Insulin)
> diabetes1
    
      0 14 15 16 18 22 23 25 29 32 36 37 38 40 41 42 43 44 45 46 48 49 50 51 52
  21 28  0  0  0  1  0  1  1  0  0  0  0  0  1  0  0  0  0  1  0  0  0  1  1  0
  22 29  0  0  1  0  0  0  0  0  1  1  1  0  0  0  0  0  1  1  0  0  0  1  0  0
  23 10  0  1  0  0  0  0  0  0  0  0  1  0  0  0  0  0  1  1  0  2  0  0  0  0
  24 15  0  0  0  0  0  0  0  0  0  1  0  0  1  0  0  1  0  0  0  0  0  1  0  0
  25 18  1  0  0  1  0  0  0  0  0  0  0  1  0  1  0  0  0  0  0  0  0  0  0  1
  26  9  0  0  0  0  0  0  0  0  0  1  0  0  0  0  0  0  0  0  0  0  2  0  0  0
  27 18  0  0  0  0  0  0  0  0  0  0  0  0  0  0  0  0  1  0  0  0  0  0  0  0
  28 14  0  0  0  0  0  0  0  0  0  0  0  0  0  0  0  0  0  0  1  0  1  0  0  0
  29 15  0  0  0  0  0  0  0  0  0  0  0  0  0  0  0  0  0  0  0  0  0  0  0  0
  30 11  0  0  0  0  0  1  0  0  0  0  0  0  0  0  0  0  0  0  0  0  0  0  0  0
  31 12  0  0  0  0  0  0  0  0  0  0  0  0  0  0  0  0  0  0  0  0  0  0  0  0
  32 10  0  0  0  0  0  0  0  0  0  0  0  0  0  0  0  0  0  0  0  0  0  0  0  0
  33  6  0  0  0  0  0  0  0  0  0  0  0  0  0  0  0  0  0  0  0  0  0  0  0  0
  34  6  0  0  0  0  0  0  0  0  0  0  0  0  0  0  0  0  0  0  0  0  0  0  0  0
  35  4  0  0  0  0  0  0  0  0  0  0  0  0  0  0  1  0  0  0  0  0  0  0  0  0
  36  9  0  0  0  0  0  0  0  0  0  0  0  0  0  0  0  0  0  0  0  0  0  0  0  0
  37 11  0  0  0  0  0  0  0  0  0  0  0  0  0  0  0  0  0  0  0  0  0  0  0  0
  38 13  0  0  0  0  0  0  0  0  0  0  0  0  0  0  0  0  0  0  0  0  0  0  0  0
  39  5  0  0  0  0  0  0  0  0  0  0  0  0  0  0  0  0  0  0  0  0  1  0  0  0
  40  7  0  0  0  0  1  0  0  0  0  0  0  0  0  0  0  0  0  0  0  0  0  0  0  0
  41 17  0  0  0  0  0  0  0  0  0  0  0  0  0  0  0  0  0  0  0  0  0  0  0  0
  42 11  0  0  0  0  0  0  0  0  0  0  0  0  0  0  0  0  0  0  0  1  0  0  0  0
  43  4  0  0  0  0  0  0  0  1  0  0  0  0  0  0  0  0  0  0  0  0  0  0  0  0
  44  7  0  0  0  0  0  0  0  0  0  0  0  0  0  0  0  0  0  0  0  0  0  0  0  0
  45 11  0  0  0  0  0  0  0  0  0  0  0  0  0  0  0  0  0  0  0  0  0  0  0  0
  46  7  0  0  0  0  0  0  0  0  0  0  0  0  0  0  0  0  0  0  0  0  0  0  0  0
  47  3  0  0  0  0  0  0  0  0  0  0  0  0  0  0  0  0  0  0  0  0  1  0  0  0
  48  2  0  0  0  0  0  0  0  0  0  0  0  0  0  0  0  0  0  0  0  0  0  0  0  0
  49  3  0  0  0  0  0  0  0  0  0  0  0  0  0  0  0  0  0  0  0  0  0  0  0  0
  50  6  0  0  0  0  0  0  0  0  0  0  0  0  0  0  0  0  0  0  0  0  0  0  0  0
  51  2  0  0  0  0  0  0  0  0  0  0  0  0  0  0  0  0  0  0  0  0  0  0  0  0
  52  6  0  0  0  0  0  0  0  0  0  0  0  0  0  0  0  0  0  0  0  0  0  0  0  0
  53  2  0  0  0  0  0  0  0  0  0  0  0  0  0  0  0  0  0  0  0  0  0  0  0  0
  54  4  0  0  0  0  0  0  0  0  0  0  0  0  0  0  0  0  0  0  0  0  0  0  0  0
  55  2  0  0  0  0  0  0  0  0  0  0  0  0  0  0  0  0  0  0  0  0  0  0  0  0
  56  2  0  0  0  0  0  0  0  0  0  0  0  0  0  0  0  0  0  0  0  0  0  0  0  0
  57  3  0  0  0  0  0  0  0  0  0  0  0  0  0  0  0  0  0  0  0  0  0  0  0  0
  58  3  0  0  0  0  0  0  0  0  0  0  0  0  0  0  0  0  0  0  0  0  0  0  0  0
  59  2  0  0  0  0  0  0  0  0  0  0  0  0  0  0  0  0  0  0  0  0  0  0  0  0
  60  3  0  0  0  0  0  0  0  0  0  0  0  0  0  0  0  0  0  0  0  0  0  0  0  0
  61  1  0  0  0  0  0  0  0  0  0  0  0  0  0  0  0  0  0  0  0  0  0  0  0  0
  62  4  0  0  0  0  0  0  0  0  0  0  0  0  0  0  0  0  0  0  0  0  0  0  0  0
  63  3  0  0  0  0  0  0  0  0  0  0  0  0  0  0  0  0  0  0  0  0  0  0  0  0
  64  1  0  0  0  0  0  0  0  0  0  0  0  0  0  0  0  0  0  0  0  0  0  0  0  0
  65  3  0  0  0  0  0  0  0  0  0  0  0  0  0  0  0  0  0  0  0  0  0  0  0  0
  66  4  0  0  0  0  0  0  0  0  0  0  0  0  0  0  0  0  0  0  0  0  0  0  0  0
  67  3  0  0  0  0  0  0  0  0  0  0  0  0  0  0  0  0  0  0  0  0  0  0  0  0
  68  1  0  0  0  0  0  0  0  0  0  0  0  0  0  0  0  0  0  0  0  0  0  0  0  0
  69  2  0  0  0  0  0  0  0  0  0  0  0  0  0  0  0  0  0  0  0  0  0  0  0  0
  70  1  0  0  0  0  0  0  0  0  0  0  0  0  0  0  0  0  0  0  0  0  0  0  0  0
  72  1  0  0  0  0  0  0  0  0  0  0  0  0  0  0  0  0  0  0  0  0  0  0  0  0
  81  0  0  0  0  0  0  0  0  0  0  0  0  0  0  0  0  0  0  0  0  0  0  0  0  0
    
     53 54 55 56 57 58 59 60 61 63 64 65 66 67 68 70 71 72 73 74 75 76 77 78 79
  21  0  0  0  1  0  0  0  0  1  0  1  0  1  0  0  0  1  0  0  0  0  2  0  1  0
  22  1  1  0  0  0  1  0  1  0  1  1  0  1  0  0  0  0  0  0  0  1  1  0  0  0
  23  0  0  0  0  0  0  0  0  0  0  1  0  1  0  0  0  0  0  0  0  0  0  0  0  0
  24  1  0  1  1  0  0  0  0  0  0  0  0  1  0  0  0  1  0  0  0  0  0  1  0  0
  25  0  0  0  1  1  0  1  0  0  1  0  0  1  0  0  0  0  0  0  1  0  1  0  0  0
  26  0  0  0  1  0  0  0  0  0  1  0  0  0  0  0  1  1  0  0  1  0  0  0  0  0
  27  0  0  0  0  0  0  0  0  0  0  0  0  0  0  0  1  0  0  0  0  0  0  0  0  0
  28  0  0  0  0  0  0  0  0  0  0  0  0  0  0  0  1  0  0  0  1  0  0  1  0  0
  29  0  1  0  0  0  0  0  0  0  0  0  1  0  0  0  0  0  0  0  0  0  1  0  1  0
  30  0  0  0  0  0  0  0  0  0  0  1  0  0  0  0  0  0  0  0  0  0  0  0  0  0
  31  0  0  0  0  0  0  0  0  0  0  0  0  0  0  0  0  0  0  0  0  0  0  0  0  0
  32  0  1  0  0  1  0  0  0  0  0  0  0  0  0  0  0  0  0  0  0  0  0  0  0  0
  33  0  0  1  0  0  1  0  0  0  0  0  0  0  0  0  0  0  0  0  0  1  0  0  0  0
  34  0  0  0  0  0  0  0  0  0  0  0  0  0  0  0  0  0  0  0  0  0  0  0  0  1
  35  0  0  0  0  0  0  0  0  0  0  0  0  0  0  0  0  0  1  0  0  0  0  0  0  0
  36  0  0  0  0  0  0  0  0  0  0  0  0  0  0  0  0  1  0  1  0  0  0  0  0  0
  37  0  0  0  0  0  0  0  0  0  0  0  0  0  0  1  0  0  0  0  0  0  0  0  0  0
  38  0  0  0  0  0  0  0  0  0  0  0  0  0  0  0  0  0  0  0  0  0  0  0  0  0
  39  0  0  0  0  0  0  0  0  0  0  0  0  0  0  0  0  0  0  0  0  1  0  0  0  0
  40  0  0  0  0  0  0  0  0  0  0  0  0  0  0  0  0  0  0  0  0  0  0  0  0  0
  41  0  0  0  0  0  0  0  0  0  0  0  0  0  0  0  0  0  0  0  0  0  0  0  0  1
  42  0  0  0  0  0  0  0  0  0  0  0  0  0  0  0  0  0  0  0  0  0  0  0  0  0
  43  0  0  0  0  0  0  0  0  0  0  0  0  0  1  0  0  0  0  0  0  0  0  0  0  0
  44  0  0  0  0  0  0  0  0  0  0  0  0  0  0  0  0  0  0  0  0  0  0  0  0  0
  45  0  0  0  0  0  0  0  0  0  0  0  0  0  0  0  0  0  0  0  0  0  0  0  0  0
  46  0  0  0  0  0  0  0  0  0  0  0  0  0  0  0  0  0  0  0  0  0  0  0  0  0
  47  0  0  0  0  0  0  0  0  0  0  0  0  0  0  0  0  0  0  0  0  0  0  0  0  0
  48  0  1  0  1  0  0  0  0  0  0  0  0  0  0  0  0  0  0  0  0  0  0  0  0  0
  49  0  0  0  0  0  0  0  0  0  0  0  0  0  0  0  0  0  0  0  0  0  0  0  0  0
  50  0  0  0  0  0  0  0  0  0  0  0  0  0  1  0  0  0  0  0  0  0  0  0  0  0
  51  0  0  0  0  0  0  0  0  0  0  0  0  0  0  0  0  0  0  0  0  0  0  0  0  0
  52  0  0  0  0  0  0  0  0  0  0  0  0  0  0  0  0  0  0  0  0  0  0  0  0  0
  53  0  0  0  0  0  0  0  0  0  0  0  0  0  0  0  0  0  0  0  0  0  0  0  0  0
  54  0  0  0  0  0  0  0  0  0  0  0  0  0  0  0  0  0  0  0  0  0  0  0  0  0
  55  0  0  0  0  0  0  0  0  0  0  0  0  0  0  0  0  0  0  0  0  0  0  0  0  0
  56  0  0  0  0  0  0  0  0  0  0  0  0  0  0  0  0  0  0  0  0  0  0  0  0  0
  57  0  0  0  0  0  0  0  0  0  0  0  0  0  0  0  0  0  0  0  0  0  0  0  0  0
  58  0  0  0  0  0  0  0  0  0  0  0  0  0  0  0  0  0  0  0  0  0  0  0  0  0
  59  0  0  0  0  0  0  0  0  0  0  0  0  0  0  0  0  0  0  0  0  0  0  0  0  0
  60  0  0  0  0  0  0  0  0  0  0  0  0  0  0  0  0  0  0  0  0  0  0  0  0  0
  61  0  0  0  0  0  0  0  0  0  0  0  0  0  0  0  0  0  0  0  0  0  0  0  0  0
  62  0  0  0  0  0  0  0  0  0  0  0  0  0  0  0  0  0  0  0  0  0  0  0  0  0
  63  0  0  0  0  0  0  0  0  0  0  0  0  0  0  0  0  0  0  0  0  0  0  0  0  0
  64  0  0  0  0  0  0  0  0  0  0  0  0  0  0  0  0  0  0  0  0  0  0  0  0  0
  65  0  0  0  0  0  0  0  0  0  0  0  0  0  0  0  0  0  0  0  0  0  0  0  0  0
  66  0  0  0  0  0  0  0  0  0  0  0  0  0  0  0  0  0  0  0  0  0  0  0  0  0
  67  0  0  0  0  0  0  0  0  0  0  0  0  0  0  0  0  0  0  0  0  0  0  0  0  0
  68  0  0  0  0  0  0  0  0  0  0  0  0  0  0  0  0  0  0  0  0  0  0  0  0  0
  69  0  0  0  0  0  0  0  0  0  0  0  0  0  0  0  0  0  0  0  0  0  0  0  0  0
  70  0  0  0  0  0  0  0  0  0  0  0  0  0  0  0  0  0  0  0  0  0  0  0  0  0
  72  0  0  0  0  0  0  0  0  0  0  0  0  0  0  0  0  0  0  0  0  0  0  0  0  0
  81  0  0  0  0  0  0  0  1  0  0  0  0  0  0  0  0  0  0  0  0  0  0  0  0  0
    
     81 82 83 84 85 86 87 88 89 90 91 92 94 95 96 99 100 105 106 108 110 112
  21  0  1  0  0  0  0  1  0  1  0  0  0  2  0  0  0   0   1   0   0   0   0
  22  0  1  1  1  0  0  0  2  0  1  0  1  0  0  0  0   0   2   1   0   0   0
  23  0  0  0  0  0  0  0  0  0  0  0  1  1  2  0  0   2   0   0   0   0   0
  24  0  1  0  0  0  1  0  0  0  1  0  0  0  0  0  0   0   2   0   0   0   0
  25  0  0  0  0  1  0  0  0  0  0  0  0  1  0  0  0   2   0   1   0   1   0
  26  0  0  0  0  0  0  0  1  0  0  0  1  2  0  0  2   0   0   0   0   0   0
  27  0  0  0  0  0  0  0  0  0  0  0  0  0  0  1  0   2   1   1   0   0   0
  28  1  0  0  0  0  0  0  0  0  1  0  0  0  0  0  0   0   1   0   0   0   0
  29  0  0  0  0  0  0  0  0  0  0  0  0  0  0  0  0   0   1   0   0   0   0
  30  0  0  1  0  0  0  0  0  0  0  0  0  0  0  0  0   0   0   0   0   0   1
  31  0  0  0  0  0  0  0  0  0  0  0  0  0  0  0  0   0   0   0   0   2   0
  32  0  0  0  0  0  0  0  0  0  0  1  0  0  0  1  0   0   0   0   0   0   0
  33  0  0  1  0  0  0  0  0  0  0  0  0  0  0  0  0   0   0   0   0   0   0
  34  0  0  0  0  0  0  0  0  0  0  0  0  0  0  0  0   0   0   0   0   0   0
  35  0  0  0  0  0  0  0  1  0  1  0  0  0  0  0  0   0   0   0   0   0   0
  36  0  0  0  0  0  0  0  0  0  0  0  0  0  0  0  0   0   0   0   0   0   0
  37  0  0  0  0  0  0  1  0  0  0  0  0  0  0  0  0   0   0   0   0   1   0
  38  0  0  0  0  1  0  0  0  0  0  0  0  0  0  0  0   0   0   0   0   0   0
  39  0  0  0  0  0  0  0  0  0  0  0  0  0  0  0  0   0   0   0   0   0   0
  40  0  0  0  0  0  0  0  0  0  0  0  0  1  0  0  0   0   0   0   0   0   0
  41  0  0  0  0  0  0  0  0  0  0  0  0  0  0  0  0   0   0   0   0   0   0
  42  0  0  0  0  0  0  0  0  0  0  0  0  0  0  0  0   0   1   0   0   0   0
  43  0  0  0  0  0  0  0  0  0  0  0  0  0  0  0  0   0   0   0   0   1   0
  44  0  0  0  0  0  0  0  0  0  0  0  0  0  0  0  0   0   0   0   0   0   0
  45  0  0  0  0  0  0  0  0  0  0  0  0  0  0  0  0   1   1   0   0   0   0
  46  0  0  0  0  0  0  0  0  0  0  0  0  0  0  0  0   0   1   0   0   0   0
  47  0  0  0  0  0  0  0  0  0  0  0  0  0  0  0  0   0   0   0   0   0   0
  48  0  0  0  0  0  0  0  0  0  0  0  0  0  0  0  0   0   0   0   0   0   0
  49  0  0  0  0  0  0  0  0  0  0  0  0  0  0  0  0   0   0   0   1   0   0
  50  0  0  0  0  0  0  0  0  0  0  0  0  0  0  0  0   0   0   0   0   0   0
  51  0  0  0  0  0  0  0  0  0  0  0  0  0  0  0  0   0   0   0   0   0   0
  52  0  0  0  0  0  0  0  0  0  0  0  0  0  0  0  0   0   0   0   0   0   0
  53  0  0  0  0  0  0  0  0  0  0  0  0  0  0  0  0   0   0   0   0   0   0
  54  0  0  0  0  0  0  0  0  0  0  0  0  0  0  0  0   0   0   0   0   0   0
  55  0  0  0  0  0  0  0  0  0  0  0  0  0  0  0  0   0   0   0   0   0   0
  56  0  0  0  0  0  0  0  0  0  0  0  0  0  0  0  0   0   0   0   0   0   0
  57  0  0  0  0  0  0  0  0  0  0  0  0  0  0  0  0   0   0   0   0   1   0
  58  0  0  0  0  0  0  0  0  0  0  0  0  0  0  0  0   0   0   0   0   0   0
  59  0  0  0  0  0  0  0  0  0  0  0  0  0  0  0  0   0   0   0   0   0   0
  60  0  0  0  0  0  0  0  0  0  0  0  0  0  0  0  0   0   0   0   0   0   0
  61  0  0  0  0  0  0  0  0  0  0  0  0  0  0  0  0   0   0   0   0   0   0
  62  0  0  0  0  0  0  0  0  0  0  0  0  0  0  0  0   0   0   0   0   0   0
  63  0  0  0  0  0  0  0  0  0  0  0  0  0  0  0  0   0   0   0   0   0   0
  64  0  0  0  0  0  0  0  0  0  0  0  0  0  0  0  0   0   0   0   0   0   0
  65  0  0  0  0  0  0  0  0  0  0  0  0  0  0  0  0   0   0   0   0   0   0
  66  0  0  0  0  0  0  0  0  0  0  0  0  0  0  0  0   0   0   0   0   0   0
  67  0  0  0  0  0  0  0  0  0  0  0  0  0  0  0  0   0   0   0   0   0   0
  68  0  0  0  0  0  0  0  0  0  0  0  0  0  0  0  0   0   0   0   0   0   0
  69  0  0  0  0  0  0  0  0  0  0  0  0  0  0  0  0   0   0   0   0   0   0
  70  0  0  0  0  0  0  0  0  0  0  0  0  0  0  0  0   0   0   0   0   0   0
  72  0  0  0  0  0  0  0  0  0  0  0  0  0  0  0  0   0   0   0   0   0   0
  81  0  0  0  0  0  0  0  0  0  0  0  0  0  0  0  0   0   0   0   0   0   0
    
     114 115 116 119 120 122 125 126 127 128 129 130 132 135 140 142 144 145
  21   0   1   0   0   1   0   0   0   0   0   0   0   0   0   0   0   0   0
  22   0   0   1   0   1   0   0   0   0   0   0   0   0   1   1   1   0   0
  23   0   0   1   0   1   0   1   0   0   0   0   0   0   1   0   0   0   0
  24   0   0   0   0   2   0   0   0   0   1   0   1   1   1   1   0   0   0
  25   0   1   0   0   0   0   0   0   0   0   1   0   0   1   0   0   0   0
  26   0   0   0   0   1   0   0   0   0   0   0   2   0   0   1   0   0   1
  27   0   0   0   0   0   0   1   0   0   0   0   0   0   0   1   0   0   0
  28   0   2   0   0   1   0   0   0   0   0   0   0   0   0   1   0   0   0
  29   0   0   0   0   0   0   0   0   0   0   0   1   0   0   0   0   0   0
  30   0   0   0   0   0   0   0   0   0   0   0   0   0   1   0   0   0   0
  31   1   0   0   0   0   0   1   0   0   0   0   0   0   0   1   0   0   0
  32   0   0   0   0   1   0   0   0   0   0   0   0   0   0   0   0   0   0
  33   0   0   0   0   0   0   0   0   0   0   0   0   0   0   0   0   1   0
  34   0   0   0   1   0   0   0   0   0   0   0   1   0   0   0   0   0   0
  35   0   0   0   0   0   0   0   0   0   0   0   1   0   0   0   0   0   0
  36   0   0   0   0   0   0   0   0   0   0   0   1   0   0   0   0   0   0
  37   0   0   0   0   0   0   0   1   0   0   0   0   0   0   1   0   0   0
  38   0   0   0   0   0   0   0   0   0   0   0   0   0   0   0   0   0   0
  39   0   1   0   0   0   1   0   0   0   0   0   0   0   0   1   0   0   0
  40   0   0   0   0   0   0   0   0   0   0   0   1   0   0   0   0   0   1
  41   0   1   0   0   0   0   0   0   0   0   0   0   0   0   0   0   0   0
  42   0   0   0   0   0   0   0   0   1   0   0   1   0   0   0   0   0   0
  43   0   0   0   0   0   0   1   0   0   0   0   0   0   0   0   0   0   0
  44   0   0   0   0   0   0   0   0   0   0   0   0   0   0   0   0   0   0
  45   0   0   0   0   0   1   0   0   0   0   0   0   0   0   1   0   0   0
  46   0   0   0   0   0   0   0   1   0   0   0   0   0   0   0   0   0   0
  47   1   0   0   0   0   0   0   0   0   0   0   0   1   0   0   0   0   0
  48   0   0   0   0   0   0   0   0   0   0   0   0   0   0   0   0   0   0
  49   0   0   0   0   0   0   0   0   0   0   0   0   0   0   0   0   0   0
  50   0   0   0   0   0   0   0   0   0   0   0   0   0   0   0   0   1   0
  51   0   0   0   0   0   0   0   0   0   0   0   0   0   1   0   0   0   0
  52   0   0   0   0   0   0   0   0   0   0   0   0   0   0   0   0   0   0
  53   0   0   0   0   0   0   0   0   0   0   0   0   0   0   0   0   0   0
  54   0   0   0   0   0   0   0   1   0   0   0   0   0   0   0   0   0   0
  55   0   0   0   0   0   0   0   0   0   0   0   0   0   0   0   0   0   1
  56   0   0   0   0   0   0   0   0   0   0   0   0   0   0   0   0   0   0
  57   0   0   0   0   0   0   0   0   0   0   0   0   0   0   0   0   0   0
  58   0   0   0   0   0   0   0   0   0   0   0   0   0   0   0   0   0   0
  59   0   0   0   0   0   0   0   0   0   0   0   0   0   0   0   0   0   0
  60   0   0   0   0   0   0   0   0   0   0   0   0   0   0   0   0   0   0
  61   0   0   0   0   0   0   0   0   0   0   0   0   0   0   0   0   0   0
  62   0   0   0   0   0   0   0   0   0   0   0   0   0   0   0   0   0   0
  63   0   0   0   0   0   0   0   0   0   0   0   0   0   0   0   0   0   0
  64   0   0   0   0   0   0   0   0   0   0   0   0   0   0   0   0   0   0
  65   0   0   0   0   0   0   0   0   0   0   0   0   0   0   0   0   0   0
  66   0   0   0   0   0   0   0   0   0   0   0   0   0   0   0   0   0   0
  67   0   0   0   0   0   0   0   0   0   0   0   0   0   0   0   0   0   0
  68   0   0   0   0   0   0   0   0   0   0   0   0   0   0   0   0   0   0
  69   0   0   0   0   0   0   0   0   0   0   0   0   0   0   0   0   0   0
  70   0   0   0   0   0   0   0   0   0   0   0   0   0   0   0   0   0   0
  72   0   0   0   0   0   0   0   0   0   0   0   0   0   0   0   0   0   0
  81   0   0   0   0   0   0   0   0   0   0   0   0   0   0   0   0   0   0
    
     146 148 150 152 155 156 158 159 160 165 166 167 168 170 171 175 176 178
  21   0   1   0   1   0   0   0   0   1   0   0   1   0   1   0   0   0   0
  22   0   1   0   0   0   0   0   1   0   1   0   0   0   0   0   0   0   0
  23   0   0   0   0   0   0   0   0   1   0   0   0   0   0   0   0   0   0
  24   0   0   0   0   0   0   1   0   0   0   0   0   1   0   0   0   0   1
  25   0   0   0   0   0   0   0   0   1   0   0   0   0   0   0   0   1   0
  26   0   0   0   0   0   0   0   0   0   1   0   0   0   1   0   0   0   0
  27   0   0   0   1   0   0   0   0   0   0   0   0   0   0   0   0   0   0
  28   0   0   0   0   1   0   1   0   1   0   1   1   0   0   0   0   0   0
  29   0   0   0   0   0   0   0   0   0   0   0   0   0   0   0   0   0   0
  30   0   0   0   0   0   1   0   0   0   0   0   0   0   0   0   0   0   0
  31   0   0   0   0   0   0   0   0   0   0   0   0   0   0   0   0   0   0
  32   0   0   0   0   1   0   0   0   0   0   0   0   0   0   0   0   0   0
  33   0   0   0   0   0   0   0   0   0   1   0   0   2   0   1   0   1   0
  34   0   0   0   0   0   0   0   0   0   0   0   0   0   0   0   0   1   0
  35   0   0   0   0   0   0   0   0   0   0   0   0   0   0   0   0   0   0
  36   0   0   0   0   0   0   0   0   0   0   0   0   0   0   0   1   0   0
  37   0   0   0   0   1   0   0   0   0   0   0   0   0   0   0   0   0   0
  38   0   0   0   0   0   0   0   0   0   0   0   0   0   0   0   0   0   0
  39   0   0   0   0   0   0   0   0   0   0   0   0   0   0   0   1   0   0
  40   0   0   0   0   0   0   0   0   0   0   0   0   0   0   0   0   0   0
  41   0   0   0   0   0   1   0   0   0   0   0   0   0   0   0   0   0   0
  42   0   0   0   0   1   0   0   0   0   0   0   0   0   0   0   0   0   0
  43   0   0   0   0   0   0   0   0   0   0   0   0   0   0   0   0   0   0
  44   0   0   0   0   0   0   0   0   0   0   0   0   0   0   0   0   0   0
  45   0   0   0   0   0   0   0   0   0   0   0   0   0   0   0   0   0   0
  46   0   0   0   0   0   0   0   0   0   0   0   0   0   0   0   0   0   0
  47   0   0   0   0   0   0   0   0   0   0   0   0   0   0   0   0   0   0
  48   0   0   1   0   0   0   0   0   0   0   0   0   0   0   0   0   0   0
  49   0   0   0   0   0   0   0   0   0   0   0   0   1   0   0   0   0   0
  50   0   0   0   0   0   0   0   0   0   0   0   0   0   0   0   0   0   0
  51   1   0   1   0   0   0   0   0   0   0   0   0   0   0   0   1   0   0
  52   0   0   0   0   0   1   0   0   0   0   0   0   0   0   0   0   0   0
  53   0   0   0   0   0   0   0   0   0   1   0   0   0   0   0   0   0   0
  54   0   0   0   0   0   0   0   0   0   0   0   0   0   0   0   0   0   0
  55   0   0   0   0   0   0   0   0   0   0   0   0   0   0   0   0   0   0
  56   0   0   0   0   0   0   0   0   0   0   0   0   0   0   0   0   0   0
  57   0   0   0   0   0   0   0   0   0   0   0   0   0   0   0   0   0   0
  58   0   0   0   0   0   0   0   0   0   0   0   0   0   0   0   0   0   0
  59   0   0   0   0   0   0   0   0   0   0   0   0   0   0   0   0   0   0
  60   0   0   0   0   0   0   0   0   0   0   0   0   0   0   0   0   0   0
  61   0   0   0   0   0   0   0   0   0   0   0   0   0   0   0   0   0   0
  62   0   0   0   0   0   0   0   0   0   0   0   0   0   0   0   0   0   0
  63   0   0   0   0   0   0   0   0   0   0   0   0   0   0   0   0   0   0
  64   0   0   0   0   0   0   0   0   0   0   0   0   0   0   0   0   0   0
  65   0   0   0   0   0   0   0   0   0   0   0   0   0   0   0   0   0   0
  66   0   0   0   0   0   0   0   0   0   0   0   0   0   0   0   0   0   0
  67   0   0   0   0   0   0   0   0   0   0   0   0   0   0   0   0   0   0
  68   0   0   0   0   0   0   0   0   0   0   0   0   0   0   0   0   0   0
  69   0   0   0   0   0   0   0   0   0   0   0   0   0   0   0   0   0   0
  70   0   0   0   0   0   0   0   0   0   0   0   0   0   0   0   0   0   0
  72   0   0   0   0   0   0   0   0   0   0   0   0   0   0   0   0   0   0
  81   0   0   0   0   0   0   0   0   0   0   0   0   0   0   0   0   0   0
    
     180 182 183 184 185 188 190 191 192 193 194 196 200 204 205 207 210 215
  21   0   1   0   0   0   0   0   0   0   0   0   0   1   0   0   0   1   0
  22   0   0   1   0   1   1   0   0   0   0   0   0   0   0   0   0   0   0
  23   1   1   0   0   0   0   0   0   0   0   0   0   0   0   0   0   1   0
  24   0   0   0   0   0   0   0   0   0   0   1   0   0   1   0   0   0   1
  25   2   0   0   0   0   0   0   0   0   0   0   0   0   0   1   0   1   0
  26   0   0   0   0   0   0   0   0   0   0   0   0   1   0   0   0   0   0
  27   0   0   0   0   0   0   1   0   0   0   0   0   0   0   0   0   0   0
  28   0   0   0   0   0   0   0   0   0   0   0   0   0   0   0   0   0   0
  29   0   0   0   0   0   0   0   1   0   0   1   0   0   0   0   0   1   0
  30   0   0   0   0   0   0   0   0   0   0   0   0   0   0   1   0   0   0
  31   0   1   0   0   1   0   0   0   0   0   0   0   0   0   0   0   0   0
  32   0   0   0   0   0   0   0   0   0   0   0   0   0   0   0   0   0   0
  33   0   0   0   0   0   0   0   0   1   0   0   0   0   0   0   0   0   0
  34   0   0   0   0   0   0   0   0   0   0   0   0   0   0   0   0   0   0
  35   0   0   0   0   0   0   0   0   0   0   0   0   0   0   0   0   0   0
  36   0   0   0   0   0   0   0   0   0   0   1   0   1   0   0   0   1   0
  37   0   0   0   0   0   0   0   0   0   0   0   0   0   0   0   0   0   1
  38   1   0   0   0   0   0   0   0   0   0   0   0   0   0   0   0   0   0
  39   0   0   0   0   0   0   0   0   0   1   0   0   0   0   0   0   0   0
  40   0   0   0   0   0   0   0   0   0   0   0   0   0   0   0   0   0   0
  41   0   0   0   0   0   0   0   0   0   0   0   0   1   0   0   0   0   0
  42   0   0   0   0   0   0   0   0   0   0   0   1   0   0   0   0   0   0
  43   1   0   0   0   0   0   1   0   0   0   0   0   0   0   0   0   0   1
  44   0   0   0   0   0   0   0   0   0   0   0   0   0   0   0   0   0   0
  45   0   0   0   0   0   0   0   0   0   0   0   0   0   0   0   0   0   0
  46   1   0   0   1   0   0   0   0   0   0   0   0   0   0   0   0   0   0
  47   0   0   0   0   0   0   0   0   0   0   0   0   0   0   0   0   0   0
  48   0   0   0   0   0   0   0   0   0   0   0   0   0   0   0   0   0   0
  49   0   0   0   0   0   0   0   0   0   0   0   0   0   0   0   0   0   0
  50   0   0   0   0   0   0   0   0   0   0   0   0   0   0   0   0   0   0
  51   0   0   0   0   0   0   0   0   1   0   0   0   0   0   0   0   0   0
  52   0   0   0   0   0   0   0   0   0   0   0   0   0   0   0   0   0   0
  53   0   0   0   0   0   0   0   0   0   0   0   0   0   0   0   1   0   0
  54   0   0   0   0   0   0   0   0   0   0   0   0   0   0   0   0   0   0
  55   0   0   0   0   0   0   1   0   0   0   0   0   0   0   0   0   0   0
  56   0   0   0   0   0   0   0   0   0   0   0   0   0   0   0   1   0   0
  57   0   0   0   0   0   0   0   0   0   0   0   0   0   0   0   0   0   0
  58   0   0   0   0   0   0   0   0   0   0   0   0   0   0   0   0   0   0
  59   0   0   0   0   0   0   0   0   0   0   0   0   0   0   0   0   0   0
  60   0   0   0   0   0   0   0   0   0   0   0   0   0   0   0   0   0   0
  61   0   0   0   0   0   0   1   0   0   0   0   0   0   0   0   0   0   0
  62   0   0   0   0   0   0   0   0   0   0   0   0   0   0   0   0   0   0
  63   1   0   0   0   0   0   0   0   0   0   0   0   0   0   0   0   0   0
  64   0   0   0   0   0   0   0   0   0   0   0   0   0   0   0   0   0   0
  65   0   0   0   0   0   0   0   0   0   0   0   0   0   0   0   0   0   0
  66   0   0   0   0   0   0   0   0   0   0   0   0   0   0   0   0   0   0
  67   0   0   0   0   0   0   0   0   0   0   0   0   0   0   0   0   0   0
  68   0   0   0   0   0   0   0   0   0   0   0   0   0   0   0   0   0   0
  69   0   0   0   0   0   0   0   0   0   0   0   0   0   0   0   0   0   0
  70   0   0   0   0   0   0   0   0   0   0   0   0   0   0   0   0   0   0
  72   0   0   0   0   0   0   0   0   0   0   0   0   0   0   0   0   0   0
  81   0   0   0   0   0   0   0   0   0   0   0   0   0   0   0   0   0   0
    
     220 225 228 230 231 235 237 240 245 249 250 255 258 265 270 271 272 274
  21   0   0   0   0   0   0   0   0   0   0   0   0   0   0   0   0   0   0
  22   0   0   0   0   0   0   0   1   0   0   0   0   0   0   0   0   0   0
  23   0   0   0   0   0   0   0   0   0   0   0   0   0   1   1   0   0   0
  24   0   0   0   0   0   0   0   0   0   0   1   0   0   0   0   0   0   0
  25   0   0   0   0   0   0   0   0   0   0   0   0   0   0   0   0   0   0
  26   0   0   0   0   0   0   0   0   0   0   0   1   0   0   0   0   0   0
  27   0   0   0   0   0   1   0   0   0   0   0   0   0   0   0   0   1   0
  28   0   0   0   0   0   0   0   0   1   0   0   0   0   0   0   0   0   1
  29   1   0   0   0   0   0   0   0   0   1   0   0   0   0   0   0   0   0
  30   0   1   0   0   0   0   0   0   0   0   0   0   0   0   0   0   0   0
  31   1   0   0   1   1   0   0   0   0   0   0   0   0   0   0   0   0   0
  32   0   0   0   0   0   0   0   0   0   0   0   0   0   0   0   0   0   0
  33   0   0   0   0   0   0   0   0   0   0   0   0   0   0   0   0   0   0
  34   0   0   0   1   0   0   0   0   0   0   0   0   0   0   0   0   0   0
  35   0   0   0   0   0   0   0   0   0   0   0   0   0   0   0   0   0   0
  36   0   0   0   0   0   0   0   0   0   0   0   0   0   0   0   0   0   0
  37   0   1   0   0   0   0   0   0   0   0   0   0   0   0   0   0   0   0
  38   0   0   0   0   0   0   0   0   0   0   0   0   0   0   0   1   0   0
  39   0   0   0   0   0   0   0   0   0   0   0   0   0   0   0   0   0   0
  40   0   0   1   0   0   0   0   0   0   0   0   0   0   0   0   0   0   0
  41   0   0   0   0   0   0   0   0   0   0   0   0   0   0   0   0   0   0
  42   0   0   0   0   0   0   0   0   0   0   0   0   0   0   0   0   0   0
  43   0   0   0   0   1   0   0   0   0   0   0   0   0   0   0   0   0   0
  44   0   0   0   0   0   0   0   0   0   0   0   0   1   0   0   0   0   0
  45   0   0   0   0   0   0   0   0   0   0   0   0   0   0   0   0   0   0
  46   0   0   0   0   0   0   0   0   0   0   0   0   0   0   0   0   0   0
  47   0   0   0   0   0   0   0   0   0   0   0   0   0   0   0   0   0   0
  48   0   0   0   0   0   0   0   0   0   0   0   0   0   0   0   0   0   0
  49   0   0   0   0   0   0   0   0   0   0   0   0   0   0   0   0   0   0
  50   0   0   0   0   0   0   0   0   0   0   0   0   0   0   0   0   0   0
  51   0   0   0   0   0   0   1   0   0   0   0   0   0   0   0   0   0   0
  52   0   0   0   0   0   0   0   0   0   0   0   0   0   0   0   0   0   0
  53   0   0   0   0   0   0   0   0   0   0   0   0   0   0   0   0   0   0
  54   0   0   0   0   0   0   0   1   0   0   0   0   0   0   0   0   0   0
  55   0   0   0   0   0   0   0   0   0   0   0   0   0   0   0   0   0   0
  56   0   0   0   0   0   0   0   0   0   0   0   0   0   0   0   0   0   0
  57   0   0   0   0   0   0   0   0   0   0   0   0   0   0   0   0   0   0
  58   0   0   0   0   0   0   0   0   0   0   0   0   0   1   0   0   0   0
  59   0   0   0   0   0   0   0   0   0   0   0   0   0   0   0   0   0   0
  60   0   0   0   0   0   0   0   0   0   0   0   0   0   0   0   0   0   0
  61   0   0   0   0   0   0   0   0   0   0   0   0   0   0   0   0   0   0
  62   0   0   0   0   0   0   0   0   0   0   0   0   0   0   0   0   0   0
  63   0   0   0   0   0   0   0   0   0   0   0   0   0   0   0   0   0   0
  64   0   0   0   0   0   0   0   0   0   0   0   0   0   0   0   0   0   0
  65   0   0   0   0   0   0   0   0   0   0   0   0   0   0   0   0   0   0
  66   0   0   0   0   0   0   0   0   0   0   0   0   0   0   0   0   0   0
  67   0   0   0   0   0   0   0   0   0   0   0   0   0   0   0   0   0   0
  68   0   0   0   0   0   0   0   0   0   0   0   0   0   0   0   0   0   0
  69   0   0   0   0   0   0   0   0   0   0   0   0   0   0   0   0   0   0
  70   0   0   0   0   0   0   0   0   0   0   0   0   0   0   0   0   0   0
  72   0   0   0   0   0   0   0   0   0   0   0   0   0   0   0   0   0   0
  81   0   0   0   0   0   0   0   0   0   0   0   0   0   0   0   0   0   0
    
     275 277 278 280 284 285 291 293 300 304 310 318 321 325 326 328 330 335
  21   0   0   0   0   0   0   1   0   0   0   0   0   0   0   0   0   0   0
  22   0   0   1   0   0   0   0   1   0   0   1   0   0   0   0   0   0   1
  23   0   0   0   0   1   0   0   0   0   0   0   0   0   0   0   0   1   0
  24   0   0   0   0   0   0   0   0   0   0   0   0   0   0   0   0   0   0
  25   1   0   0   0   0   0   0   0   0   0   0   0   0   0   0   0   0   0
  26   0   0   0   0   0   0   0   0   0   0   0   0   0   0   0   0   0   0
  27   0   0   0   0   0   1   0   0   0   0   0   0   0   0   0   0   0   0
  28   0   0   0   0   0   0   0   0   0   0   0   0   0   1   0   0   0   0
  29   0   0   0   0   0   0   0   0   0   0   0   1   0   1   0   0   0   0
  30   0   0   0   0   0   0   0   1   0   0   0   0   0   0   0   0   0   0
  31   0   1   0   0   0   0   0   0   0   0   0   0   0   0   0   0   0   0
  32   0   0   0   0   0   0   0   0   0   0   0   0   0   0   0   0   0   0
  33   0   0   0   0   0   0   0   0   0   0   0   0   0   0   0   0   0   0
  34   0   0   0   0   0   0   0   0   0   0   0   0   0   0   0   0   0   0
  35   0   0   0   0   0   0   0   0   0   0   0   0   0   0   0   1   0   0
  36   0   0   0   0   0   0   0   0   0   0   0   0   0   0   0   0   0   0
  37   0   0   0   0   0   0   0   0   0   0   0   0   0   0   0   0   0   0
  38   0   0   0   0   0   0   0   0   0   0   0   0   0   0   0   0   0   0
  39   0   0   0   0   0   0   0   0   0   0   0   0   0   0   0   0   0   0
  40   0   0   0   0   0   0   0   0   0   0   0   0   1   0   0   0   0   0
  41   0   0   0   0   0   0   0   0   0   1   0   0   0   0   0   0   0   0
  42   0   0   0   0   0   0   0   0   0   0   0   0   0   0   0   0   0   0
  43   0   0   0   0   0   0   0   0   0   0   0   0   0   0   0   0   0   0
  44   0   0   0   0   0   0   0   0   0   0   0   0   0   0   0   0   0   0
  45   0   0   0   0   0   0   0   0   0   0   0   0   0   0   0   0   0   0
  46   0   0   0   0   0   0   0   0   0   0   0   0   0   0   0   0   0   0
  47   0   0   0   0   0   0   0   0   0   0   0   0   0   0   0   0   0   0
  48   0   0   0   0   0   0   0   0   0   0   0   0   0   0   0   0   0   0
  49   0   0   0   0   0   0   0   0   0   0   0   0   0   0   0   0   0   0
  50   0   0   0   0   0   0   0   0   0   0   0   0   0   0   0   0   0   0
  51   0   0   0   0   0   0   0   0   0   0   0   0   0   0   0   0   0   0
  52   0   0   0   0   0   0   0   0   0   0   0   0   0   0   0   0   0   0
  53   0   0   0   0   0   0   0   0   0   0   0   0   0   0   0   0   0   0
  54   0   0   0   0   0   0   0   0   0   0   0   0   0   0   0   0   0   0
  55   0   0   0   0   0   0   0   0   0   0   0   0   0   0   0   0   0   0
  56   0   0   0   0   0   0   0   0   0   0   0   0   0   0   0   0   0   0
  57   0   0   0   1   0   0   0   0   0   0   0   0   0   0   0   0   0   0
  58   0   0   0   0   0   1   0   0   1   0   0   0   0   1   0   0   0   0
  59   0   0   0   0   0   0   0   0   0   0   0   0   0   0   0   0   0   0
  60   0   0   0   0   0   0   0   0   0   0   0   0   0   0   1   0   0   0
  61   0   0   0   0   0   0   0   0   0   0   0   0   0   0   0   0   0   0
  62   0   0   0   0   0   0   0   0   0   0   0   0   0   0   0   0   0   0
  63   0   0   0   0   0   0   0   0   0   0   0   0   0   0   0   0   0   0
  64   0   0   0   0   0   0   0   0   0   0   0   0   0   0   0   0   0   0
  65   0   0   0   0   0   0   0   0   0   0   0   0   0   0   0   0   0   0
  66   0   0   0   0   0   0   0   0   0   0   0   0   0   0   0   0   0   0
  67   0   0   0   0   0   0   0   0   0   0   0   0   0   0   0   0   0   0
  68   0   0   0   0   0   0   0   0   0   0   0   0   0   0   0   0   0   0
  69   0   0   0   0   0   0   0   0   0   0   0   0   0   0   0   0   0   0
  70   0   0   0   0   0   0   0   0   0   0   0   0   0   0   0   0   0   0
  72   0   0   0   0   0   0   0   0   0   0   0   0   0   0   0   0   0   0
  81   0   0   0   0   0   0   0   0   0   0   0   0   0   0   0   0   0   0
    
     342 360 370 375 387 392 402 415 440 465 474 478 480 485 495 510 540 543
  21   0   0   0   0   0   0   0   1   0   0   0   1   1   0   0   0   0   0
  22   0   0   0   0   0   0   0   0   0   0   1   0   0   0   0   0   0   0
  23   0   0   0   0   0   0   0   0   0   0   0   0   0   1   0   0   0   0
  24   0   0   0   1   1   0   0   0   0   0   0   0   0   0   0   0   0   0
  25   0   0   0   0   0   0   0   0   0   1   0   0   0   0   0   0   1   0
  26   0   0   0   0   0   0   0   0   0   0   0   0   0   0   0   1   0   0
  27   0   0   0   0   0   0   0   0   0   0   0   0   0   0   0   0   0   0
  28   0   0   0   0   0   0   0   0   0   0   0   0   0   0   0   0   0   0
  29   0   1   0   0   0   0   0   0   0   0   0   0   0   0   0   0   0   0
  30   0   0   0   0   0   0   0   0   1   0   0   0   0   0   0   0   0   0
  31   0   0   0   0   0   0   0   0   0   0   0   0   0   0   0   0   0   0
  32   0   0   0   0   0   0   0   0   0   0   0   0   0   0   0   0   0   0
  33   0   0   0   0   0   0   0   0   0   0   0   0   0   0   0   0   0   0
  34   0   0   0   0   0   1   1   0   0   0   0   0   0   0   0   0   0   0
  35   0   0   0   0   0   0   0   0   0   0   0   0   0   0   0   0   0   0
  36   0   0   0   0   0   0   0   0   0   0   0   0   0   0   0   0   0   0
  37   0   0   0   0   0   0   0   0   0   0   0   0   0   0   0   0   0   0
  38   0   0   0   0   0   0   0   0   0   0   0   0   0   0   0   0   0   0
  39   0   0   0   0   0   0   0   0   0   0   0   0   0   0   0   0   0   0
  40   0   0   0   0   0   0   0   0   0   0   0   0   0   0   0   0   0   0
  41   0   0   0   0   0   0   0   0   0   0   0   0   0   0   0   0   0   0
  42   1   0   0   0   0   0   0   0   0   0   0   0   0   0   0   0   0   0
  43   0   0   0   0   0   0   0   0   0   0   0   0   1   0   0   0   0   0
  44   0   0   0   0   0   0   0   0   0   0   0   0   0   0   0   0   0   0
  45   0   0   0   0   0   0   0   0   0   0   0   0   0   0   0   0   0   0
  46   0   0   1   0   0   0   0   0   0   0   0   0   0   0   1   0   0   0
  47   0   0   0   0   0   0   0   0   0   0   0   0   0   0   0   0   0   0
  48   0   0   0   0   0   0   0   0   0   0   0   0   0   0   0   0   0   0
  49   0   0   0   0   0   0   0   0   0   0   0   0   0   0   0   0   0   0
  50   0   0   0   0   0   0   0   0   0   0   0   0   0   0   0   0   0   0
  51   0   0   0   0   0   0   0   0   0   0   0   0   0   0   0   0   0   0
  52   0   0   0   0   0   0   0   0   0   0   0   0   0   0   0   0   0   0
  53   0   0   0   0   0   0   0   0   0   0   0   0   0   0   0   0   0   1
  54   0   0   0   0   0   0   0   0   0   0   0   0   0   0   0   0   0   0
  55   0   0   0   0   0   0   0   0   0   0   0   0   0   0   0   0   0   0
  56   0   0   0   0   0   0   0   0   0   0   0   0   0   0   0   0   0   0
  57   0   0   0   0   0   0   0   0   0   0   0   0   0   0   0   0   0   0
  58   0   0   0   0   0   0   0   0   0   0   0   0   0   0   0   0   0   0
  59   0   0   0   0   0   0   0   0   0   0   0   0   0   0   0   0   0   0
  60   0   0   0   0   0   0   0   0   0   0   0   0   0   0   1   0   0   0
  61   0   0   0   0   0   0   0   0   0   0   0   0   0   0   0   0   0   0
  62   0   0   0   0   0   0   0   0   0   0   0   0   0   0   0   0   0   0
  63   0   0   0   0   0   0   0   0   0   0   0   0   0   0   0   0   0   0
  64   0   0   0   0   0   0   0   0   0   0   0   0   0   0   0   0   0   0
  65   0   0   0   0   0   0   0   0   0   0   0   0   0   0   0   0   0   0
  66   0   0   0   0   0   0   0   0   0   0   0   0   0   0   0   0   0   0
  67   0   0   0   0   0   0   0   0   0   0   0   0   0   0   0   0   0   0
  68   0   0   0   0   0   0   0   0   0   0   0   0   0   0   0   0   0   0
  69   0   0   0   0   0   0   0   0   0   0   0   0   0   0   0   0   0   0
  70   0   0   0   0   0   0   0   0   0   0   0   0   0   0   0   0   0   0
  72   0   0   0   0   0   0   0   0   0   0   0   0   0   0   0   0   0   0
  81   0   0   0   0   0   0   0   0   0   0   0   0   0   0   0   0   0   0
    
     545 579 600 680 744 846
  21   0   0   0   0   0   0
  22   0   0   0   0   0   0
  23   0   0   0   1   0   0
  24   0   0   0   0   0   0
  25   0   0   0   0   0   0
  26   0   0   0   0   0   0
  27   0   0   0   0   0   0
  28   0   1   0   0   0   0
  29   0   0   0   0   0   0
  30   0   0   0   0   0   0
  31   0   0   0   0   1   0
  32   0   0   0   0   0   0
  33   0   0   0   0   0   0
  34   1   0   0   0   0   0
  35   0   0   0   0   0   0
  36   0   0   0   0   0   0
  37   0   0   0   0   0   0
  38   0   0   0   0   0   0
  39   0   0   0   0   0   0
  40   0   0   0   0   0   0
  41   0   0   0   0   0   0
  42   0   0   0   0   0   0
  43   0   0   0   0   0   0
  44   0   0   0   0   0   0
  45   0   0   0   0   0   0
  46   0   0   0   0   0   0
  47   0   0   0   0   0   0
  48   0   0   0   0   0   0
  49   0   0   0   0   0   0
  50   0   0   0   0   0   0
  51   0   0   0   0   0   0
  52   0   0   1   0   0   0
  53   0   0   0   0   0   0
  54   0   0   0   0   0   0
  55   0   0   0   0   0   0
  56   0   0   0   0   0   0
  57   0   0   0   0   0   0
  58   0   0   0   0   0   0
  59   0   0   0   0   0   1
  60   0   0   0   0   0   0
  61   0   0   0   0   0   0
  62   0   0   0   0   0   0
  63   0   0   0   0   0   0
  64   0   0   0   0   0   0
  65   0   0   0   0   0   0
  66   0   0   0   0   0   0
  67   0   0   0   0   0   0
  68   0   0   0   0   0   0
  69   0   0   0   0   0   0
  70   0   0   0   0   0   0
  72   0   0   0   0   0   0
  81   0   0   0   0   0   0
> chisq.test(diabetes1)

        Pearson's Chi-squared test

data:  diabetes1
X-squared = 7561.7, df = 9435, p-value = 1

Warning message:
In chisq.test(diabetes1) : Chi-squared approximation may be incorrect
>  minimum=min(diabetes$Age)
> maximum=max(diabetes$Age)
>  minmax<- (a-minimum)/(maximum-minimum)
> minmax
[1] 0.4000000 0.6000000 0.2333333 0.9000000
 A<- c(diabetes$Age)
> mean<- mean(a)
> std<- sd(a)
>  zscore<- (a-Mean)/std
> zscore
  [1]  1.42506672 -0.19054773 -0.10551539 -1.04087112 -0.02048305 -0.27558007
  [7] -0.61570943 -0.36061241  1.68016374  1.76519608 -0.27558007  0.06454929
 [13]  2.02029310  2.19035777  1.51009906 -0.10551539 -0.19054773 -0.19054773
 [19] -0.02048305 -0.10551539 -0.53067709  1.42506672  0.65977566 -0.36061241
 [25]  1.51009906  0.65977566  0.82984034 -0.95583878  2.02029310  0.40467865
 [31]  2.27539011 -0.44564475 -0.95583878 -0.44564475  0.99990502 -0.02048305
 [37]  0.14958163  1.08493736 -0.53067709  1.93526076 -0.61570943  0.31964631
 [43]  1.25500204  1.76519608  0.57474333 -0.70074177 -0.36061241 -0.95583878
 [49] -0.19054773 -0.78577411 -0.95583878 -0.61570943 -0.27558007  2.10532543
 [55]  0.74480800 -1.04087112  0.65977566 -0.19054773  0.91487268 -0.95583878
 [61] -1.04087112  0.48971099  0.23461397 -0.78577411  0.74480800 -0.10551539
 [67]  0.40467865  1.76519608 -0.70074177 -0.53067709 -0.44564475 -0.61570943
 [73]  0.74480800 -0.87080644 -0.95583878 -0.95583878  0.65977566 -0.53067709
 [79] -0.61570943 -0.78577411 -0.95583878 -0.95583878  0.23461397 -0.95583878
 [85]  0.31964631 -0.53067709  0.99990502 -0.61570943  0.82984034 -0.78577411
 [91] -1.04087112  0.06454929  0.74480800  2.27539011 -1.04087112  0.57474333
 [97] -0.78577411 -0.95583878 -0.87080644 -0.19054773 -0.02048305 -0.95583878
[103] -1.04087112 -0.78577411 -0.53067709 -1.04087112 -0.53067709  0.31964631
[109] -0.70074177 -0.78577411 -0.78577411  1.08493736 -0.87080644 -0.70074177
[115]  0.48971099  2.36042245  0.40467865 -0.70074177 -0.95583878 -1.04087112
[121] -0.70074177 -0.78577411 -0.87080644  3.04068117 -0.87080644 -0.61570943
[127] -0.27558007 -0.87080644  0.57474333  2.44545479 -0.02048305 -0.02048305
[133] -0.27558007  0.48971099 -0.61570943 -0.19054773 -1.04087112 -0.95583878
[139] -0.36061241 -0.44564475  1.85022842  0.40467865 -0.95583878  0.74480800
[145] -0.87080644 -1.04087112  0.65977566  0.06454929  2.70055181 -0.95583878
[151] -0.78577411  0.31964631  0.74480800 -0.87080644  0.82984034  0.23461397
[157] -1.04087112 -0.87080644 -0.95583878  1.16996970  0.23461397  0.99990502
[163] -0.53067709 -1.04087112 -0.10551539  0.65977566 -0.95583878  0.06454929
[169] -0.36061241 -0.36061241  0.23461397 -0.36061241 -0.70074177 -0.87080644
[175] -0.02048305  0.23461397  0.74480800 -0.61570943  1.16996970  0.31964631
[181] -0.10551539 -0.87080644 -1.04087112 -0.53067709  0.57474333  0.65977566
[187]  2.27539011 -0.02048305 -0.19054773 -0.70074177 -1.04087112  0.57474333
[193]  0.23461397  0.57474333  0.74480800 -0.36061241 -1.04087112 -0.87080644
[199] -0.61570943 -0.36061241 -1.04087112 -0.44564475 -0.10551539 -0.53067709
[205]  1.85022842 -0.53067709  2.02029310  1.59513140 -1.04087112  0.65977566
[211] -0.70074177 -0.78577411  2.27539011 -0.78577411  0.23461397  0.40467865
[217] -0.70074177 -0.10551539 -0.10551539  0.65977566 -1.04087112  2.78558415
[223]  0.31964631  2.36042245 -0.61570943 -0.95583878 -0.61570943 -0.78577411
[229] -0.19054773 -0.78577411 -0.95583878  1.08493736 -0.95583878 -0.36061241
[235] -0.87080644 -0.61570943  1.51009906 -0.87080644 -0.10551539 -0.53067709
[241] -1.04087112 -0.95583878 -0.95583878 -0.02048305 -0.36061241  1.34003438
[247]  0.65977566 -0.87080644  0.06454929 -0.87080644  0.74480800 -0.53067709
[253] -0.78577411 -0.70074177  0.91487268 -1.04087112 -0.27558007 -0.70074177
[259] -0.78577411  1.51009906  0.06454929 -0.53067709 -0.78577411  2.53048713
[265]  0.14958163  0.82984034 -0.70074177 -0.78577411 -1.04087112 -0.44564475
[271]  0.40467865 -1.04087112  0.57474333 -1.04087112  1.59513140 -0.70074177
[277] -0.36061241 -0.87080644  2.02029310 -0.95583878 -0.44564475  0.48971099
[283]  0.31964631  1.16996970  1.59513140  1.51009906  0.06454929 -0.36061241
[289] -0.61570943 -0.02048305 -1.04087112 -0.70074177 -0.19054773 -0.78577411
[295]  2.70055181 -0.44564475 -0.36061241 -0.78577411  1.08493736  2.10532543
[301] -0.27558007 -0.70074177  0.14958163 -0.44564475  0.31964631 -0.36061241
[307]  1.16996970 -1.04087112 -0.70074177 -0.27558007  0.65977566 -0.95583878
[313] -0.53067709 -0.70074177  0.82984034 -0.61570943 -0.27558007 -0.36061241
[319] -0.44564475  2.19035777 -0.19054773 -0.70074177  0.23461397  0.82984034
[325] -1.04087112 -0.78577411 -0.27558007  0.31964631 -0.87080644  0.31964631
[331]  1.08493736 -0.70074177  0.65977566  0.91487268 -0.95583878 -0.61570943
[337]  0.91487268  0.91487268 -0.02048305  0.65977566 -0.95583878  0.23461397
[343] -0.95583878 -0.02048305  2.02029310  1.34003438 -0.95583878 -0.87080644
[349] -0.61570943  0.31964631 -0.36061241 -0.27558007  1.08493736 -0.78577411
[355] -1.04087112  1.34003438 -0.44564475  0.91487268  1.25500204 -0.36061241
[361] -0.36061241  2.53048713  2.70055181  2.87061649 -0.27558007 -0.27558007
[367] -0.36061241 -1.04087112 -0.95583878  0.99990502 -0.70074177 -1.04087112
[373] -1.04087112 -0.70074177 -0.44564475  2.10532543 -0.95583878 -0.95583878
[379] -0.10551539  0.14958163 -0.78577411 -0.95583878 -1.04087112 -0.70074177
[385] -0.70074177 -0.78577411  0.14958163  0.99990502  2.10532543 -0.44564475
[391]  0.74480800 -0.53067709 -1.04087112  0.31964631 -0.19054773 -0.70074177
[397]  0.48971099 -0.95583878 -0.70074177 -0.70074177 -0.19054773  1.85022842
[403]  0.14958163  0.40467865  0.65977566 -0.61570943  1.08493736 -0.70074177
[409]  0.48971099 -0.44564475 -0.44564475 -0.70074177 -0.95583878 -1.04087112
[415] -1.04087112 -0.95583878 -0.95583878  0.31964631 -0.53067709 -0.44564475
[421] -0.61570943 -1.04087112 -1.04087112 -1.04087112  0.23461397 -0.19054773
[427] -0.70074177  0.40467865 -0.61570943  0.82984034 -0.87080644  0.40467865
[433] -0.95583878 -0.36061241  0.23461397 -0.36061241  0.65977566 -0.44564475
[439] -1.04087112 -0.19054773  0.65977566 -0.95583878 -0.78577411 -0.02048305
[445] -0.27558007 -0.70074177 -0.44564475 -0.61570943 -0.95583878 -0.61570943
[451] -0.87080644 -0.87080644 -0.70074177  3.29577819 -0.78577411  0.40467865
[457]  2.44545479 -0.78577411  1.51009906  4.06106924  1.25500204 -0.61570943
[463]  0.48971099  0.31964631  0.06454929 -1.04087112 -0.95583878 -0.70074177
[469]  0.40467865 -0.53067709 -0.44564475 -0.95583878 -0.95583878  1.42506672
[475] -0.78577411  2.19035777 -0.36061241 -0.19054773  0.48971099  2.53048713
[481]  0.14958163 -0.36061241 -0.44564475 -0.87080644 -0.19054773 -0.78577411
[487] -1.04087112  2.10532543 -0.44564475  2.87061649 -0.78577411  0.74480800
[493] -0.02048305  0.99990502 -0.95583878  2.78558415 -0.27558007 -0.70074177
[499]  1.85022842  0.48971099 -1.04087112 -0.44564475  0.65977566  0.65977566
[505]  0.57474333  0.40467865  0.14958163 -1.04087112 -1.04087112  2.61551947
[511]  1.08493736 -1.04087112  2.10532543 -0.95583878 -0.78577411 -0.44564475
[517]  1.68016374  1.51009906  0.65977566  2.27539011 -0.70074177 -0.61570943
[523] -0.61570943  0.99990502 -0.78577411 -1.04087112 -1.04087112 -0.78577411
[529] -0.95583878 -0.19054773 -0.95583878 -0.78577411 -0.36061241 -0.19054773
[535] -0.78577411 -0.87080644  1.08493736  2.87061649 -0.87080644 -0.10551539
[541]  0.82984034 -0.53067709  1.93526076 -0.70074177 -0.36061241  0.31964631
[547]  1.68016374 -0.44564475  1.42506672  0.31964631 -1.04087112 -0.70074177
[553]  2.78558415 -0.87080644 -0.44564475  0.31964631 -0.27558007  2.10532543
[559]  0.74480800  0.14958163  1.76519608 -0.44564475 -0.78577411 -0.10551539
[565] -0.53067709 -0.95583878 -1.04087112  1.08493736  0.31964631 -0.02048305
[571]  0.48971099 -1.04087112 -0.95583878 -0.95583878 -0.87080644 -0.70074177
[577]  0.14958163 -1.04087112  0.23461397  2.44545479 -1.04087112 -0.53067709
[583]  2.44545479  0.74480800  1.59513140 -0.95583878  0.65977566 -0.36061241
[589]  1.59513140 -0.70074177  0.99990502 -0.78577411  0.91487268 -0.70074177
[595]  0.06454929 -0.95583878  1.08493736 -1.04087112  0.40467865 -0.61570943
[601] -0.78577411 -0.44564475 -0.27558007  1.76519608  0.23461397 -1.04087112
[607] -0.95583878 -0.70074177 -0.53067709 -0.87080644 -0.78577411  0.23461397
[613]  0.57474333 -0.61570943  1.42506672 -0.53067709 -0.27558007 -0.87080644
[619]  1.42506672 -0.78577411 -0.44564475 -0.44564475  0.99990502 -1.04087112
[625] -1.04087112 -0.36061241 -1.04087112 -1.04087112  0.99990502 -1.04087112
[631]  0.06454929 -0.78577411 -0.87080644 -0.95583878 -0.19054773  0.40467865
[637]  1.25500204 -0.87080644 -0.10551539 -0.44564475 -0.53067709 -0.78577411
[643]  1.42506672 -0.19054773 -0.53067709 -0.27558007 -0.02048305 -0.95583878
[649]  0.74480800 -0.87080644 -0.87080644 -0.53067709 -0.44564475 -0.53067709
[655] -0.95583878 -0.70074177 -0.95583878  0.65977566  1.51009906 -0.53067709
[661]  1.76519608 -0.95583878  0.82984034  0.57474333  0.57474333 -0.78577411
[667]  3.12571351  0.57474333  0.82984034  0.99990502  1.34003438 -1.04087112
[673]  1.16996970 -0.95583878  2.95564883 -0.19054773  1.68016374 -0.70074177
[679] -0.70074177 -0.87080644 -0.95583878 -0.61570943 -0.95583878 -0.53067709
[685]  3.04068117 -0.70074177 -0.95583878 -0.36061241 -0.87080644  1.08493736
[691]  0.06454929  0.91487268 -0.87080644  0.82984034 -0.70074177  0.82984034
[697] -0.19054773 -0.95583878 -0.44564475 -0.61570943 -0.61570943  1.34003438
[703]  1.59513140  0.65977566 -0.53067709 -0.44564475 -0.27558007 -0.95583878
[709]  0.99990502 -0.87080644 -0.78577411  0.57474333  0.40467865 -1.04087112
[715] -0.10551539  0.06454929 -0.19054773  1.93526076 -0.78577411  1.59513140
[721]  0.06454929 -1.04087112  0.74480800  0.74480800  0.99990502  0.40467865
[727] -0.70074177 -0.95583878 -0.95583878 -0.95583878  0.06454929 -0.95583878
[733] -0.78577411 -0.95583878  1.68016374 -0.44564475 -1.04087112  0.74480800
[739] -1.04087112  0.74480800  1.25500204 -0.61570943 -0.95583878  0.99990502
[745]  0.48971099  1.08493736 -0.53067709 -0.10551539  0.23461397  1.42506672
[751] -0.95583878 -0.44564475 -0.70074177 -0.61570943  0.99990502  0.31964631
[757]  0.48971099  1.59513140 -0.61570943  2.78558415 -0.95583878  0.82984034
[763] -0.02048305  2.53048713 -0.53067709 -0.27558007  1.16996970 -0.87080644
> > decimalscaling =(a/100)
> decimalscaling
  [1] 0.50 0.31 0.32 0.21 0.33 0.30 0.26 0.29 0.53 0.54 0.30 0.34 0.57 0.59 0.51
 [16] 0.32 0.31 0.31 0.33 0.32 0.27 0.50 0.41 0.29 0.51 0.41 0.43 0.22 0.57 0.38
 [31] 0.60 0.28 0.22 0.28 0.45 0.33 0.35 0.46 0.27 0.56 0.26 0.37 0.48 0.54 0.40
 [46] 0.25 0.29 0.22 0.31 0.24 0.22 0.26 0.30 0.58 0.42 0.21 0.41 0.31 0.44 0.22
 [61] 0.21 0.39 0.36 0.24 0.42 0.32 0.38 0.54 0.25 0.27 0.28 0.26 0.42 0.23 0.22
 [76] 0.22 0.41 0.27 0.26 0.24 0.22 0.22 0.36 0.22 0.37 0.27 0.45 0.26 0.43 0.24
 [91] 0.21 0.34 0.42 0.60 0.21 0.40 0.24 0.22 0.23 0.31 0.33 0.22 0.21 0.24 0.27
[106] 0.21 0.27 0.37 0.25 0.24 0.24 0.46 0.23 0.25 0.39 0.61 0.38 0.25 0.22 0.21
[121] 0.25 0.24 0.23 0.69 0.23 0.26 0.30 0.23 0.40 0.62 0.33 0.33 0.30 0.39 0.26
[136] 0.31 0.21 0.22 0.29 0.28 0.55 0.38 0.22 0.42 0.23 0.21 0.41 0.34 0.65 0.22
[151] 0.24 0.37 0.42 0.23 0.43 0.36 0.21 0.23 0.22 0.47 0.36 0.45 0.27 0.21 0.32
[166] 0.41 0.22 0.34 0.29 0.29 0.36 0.29 0.25 0.23 0.33 0.36 0.42 0.26 0.47 0.37
[181] 0.32 0.23 0.21 0.27 0.40 0.41 0.60 0.33 0.31 0.25 0.21 0.40 0.36 0.40 0.42
[196] 0.29 0.21 0.23 0.26 0.29 0.21 0.28 0.32 0.27 0.55 0.27 0.57 0.52 0.21 0.41
[211] 0.25 0.24 0.60 0.24 0.36 0.38 0.25 0.32 0.32 0.41 0.21 0.66 0.37 0.61 0.26
[226] 0.22 0.26 0.24 0.31 0.24 0.22 0.46 0.22 0.29 0.23 0.26 0.51 0.23 0.32 0.27
[241] 0.21 0.22 0.22 0.33 0.29 0.49 0.41 0.23 0.34 0.23 0.42 0.27 0.24 0.25 0.44
[256] 0.21 0.30 0.25 0.24 0.51 0.34 0.27 0.24 0.63 0.35 0.43 0.25 0.24 0.21 0.28
[271] 0.38 0.21 0.40 0.21 0.52 0.25 0.29 0.23 0.57 0.22 0.28 0.39 0.37 0.47 0.52
[286] 0.51 0.34 0.29 0.26 0.33 0.21 0.25 0.31 0.24 0.65 0.28 0.29 0.24 0.46 0.58
[301] 0.30 0.25 0.35 0.28 0.37 0.29 0.47 0.21 0.25 0.30 0.41 0.22 0.27 0.25 0.43
[316] 0.26 0.30 0.29 0.28 0.59 0.31 0.25 0.36 0.43 0.21 0.24 0.30 0.37 0.23 0.37
[331] 0.46 0.25 0.41 0.44 0.22 0.26 0.44 0.44 0.33 0.41 0.22 0.36 0.22 0.33 0.57
[346] 0.49 0.22 0.23 0.26 0.37 0.29 0.30 0.46 0.24 0.21 0.49 0.28 0.44 0.48 0.29
[361] 0.29 0.63 0.65 0.67 0.30 0.30 0.29 0.21 0.22 0.45 0.25 0.21 0.21 0.25 0.28
[376] 0.58 0.22 0.22 0.32 0.35 0.24 0.22 0.21 0.25 0.25 0.24 0.35 0.45 0.58 0.28
[391] 0.42 0.27 0.21 0.37 0.31 0.25 0.39 0.22 0.25 0.25 0.31 0.55 0.35 0.38 0.41
[406] 0.26 0.46 0.25 0.39 0.28 0.28 0.25 0.22 0.21 0.21 0.22 0.22 0.37 0.27 0.28
[421] 0.26 0.21 0.21 0.21 0.36 0.31 0.25 0.38 0.26 0.43 0.23 0.38 0.22 0.29 0.36
[436] 0.29 0.41 0.28 0.21 0.31 0.41 0.22 0.24 0.33 0.30 0.25 0.28 0.26 0.22 0.26
[451] 0.23 0.23 0.25 0.72 0.24 0.38 0.62 0.24 0.51 0.81 0.48 0.26 0.39 0.37 0.34
[466] 0.21 0.22 0.25 0.38 0.27 0.28 0.22 0.22 0.50 0.24 0.59 0.29 0.31 0.39 0.63
[481] 0.35 0.29 0.28 0.23 0.31 0.24 0.21 0.58 0.28 0.67 0.24 0.42 0.33 0.45 0.22
[496] 0.66 0.30 0.25 0.55 0.39 0.21 0.28 0.41 0.41 0.40 0.38 0.35 0.21 0.21 0.64
[511] 0.46 0.21 0.58 0.22 0.24 0.28 0.53 0.51 0.41 0.60 0.25 0.26 0.26 0.45 0.24
[526] 0.21 0.21 0.24 0.22 0.31 0.22 0.24 0.29 0.31 0.24 0.23 0.46 0.67 0.23 0.32
[541] 0.43 0.27 0.56 0.25 0.29 0.37 0.53 0.28 0.50 0.37 0.21 0.25 0.66 0.23 0.28
[556] 0.37 0.30 0.58 0.42 0.35 0.54 0.28 0.24 0.32 0.27 0.22 0.21 0.46 0.37 0.33
[571] 0.39 0.21 0.22 0.22 0.23 0.25 0.35 0.21 0.36 0.62 0.21 0.27 0.62 0.42 0.52
[586] 0.22 0.41 0.29 0.52 0.25 0.45 0.24 0.44 0.25 0.34 0.22 0.46 0.21 0.38 0.26
[601] 0.24 0.28 0.30 0.54 0.36 0.21 0.22 0.25 0.27 0.23 0.24 0.36 0.40 0.26 0.50
[616] 0.27 0.30 0.23 0.50 0.24 0.28 0.28 0.45 0.21 0.21 0.29 0.21 0.21 0.45 0.21
[631] 0.34 0.24 0.23 0.22 0.31 0.38 0.48 0.23 0.32 0.28 0.27 0.24 0.50 0.31 0.27
[646] 0.30 0.33 0.22 0.42 0.23 0.23 0.27 0.28 0.27 0.22 0.25 0.22 0.41 0.51 0.27
[661] 0.54 0.22 0.43 0.40 0.40 0.24 0.70 0.40 0.43 0.45 0.49 0.21 0.47 0.22 0.68
[676] 0.31 0.53 0.25 0.25 0.23 0.22 0.26 0.22 0.27 0.69 0.25 0.22 0.29 0.23 0.46
[691] 0.34 0.44 0.23 0.43 0.25 0.43 0.31 0.22 0.28 0.26 0.26 0.49 0.52 0.41 0.27
[706] 0.28 0.30 0.22 0.45 0.23 0.24 0.40 0.38 0.21 0.32 0.34 0.31 0.56 0.24 0.52
[721] 0.34 0.21 0.42 0.42 0.45 0.38 0.25 0.22 0.22 0.22 0.34 0.22 0.24 0.22 0.53
[736] 0.28 0.21 0.42 0.21 0.42 0.48 0.26 0.22 0.45 0.39 0.46 0.27 0.32 0.36 0.50
[751] 0.22 0.28 0.25 0.26 0.45 0.37 0.39 0.52 0.26 0.66 0.22 0.43 0.33 0.63 0.27
[766] 0.30 0.47 0.23
> 


